4012.4
3963.55
3973.82
4002.05
4041.89
3980.51
3934.59
3987.09
4000.51
4011.56
3998.32
4009.49
4021.24
4031.11
3973.38
3967.9
4003.44
4032.69
4004.09
3958.34
4017.54
3983.44
3999.71
3992.42
4008.92
3995.43
3989.45
4010.3
4000.01
4002.97
4003.75
3977.38
4015.06
4032.98
4023.35
4002.14
3992.44
3990.54
4006.32
3979.02
4044.87
4028.62
4000.48
4003.16
4002.54
4021.17
4013.31
3994.03
3997.34
4029.57
4009.19
4035.49
3980.99
3993.72
4027.43
4065.83
3996.37
3999.56
3989.56
3989.77
4006.25
4019.95
4011.42
4010.94
4021.94
3948.35
4025.03
4032.77
3987.72
3997.08
4025.51
3985.06
3997.89
4007.91
4015.14
4058.09
3997.78
3989.02
4027.44
3995.32
4013.52
4020.76
3981.48
4006.68
4031.76
3968.56
4035.47
3988.63
4002.9
3966.42
4010.96
4034.94
3968.64
3964.98
3990.16
4019.85
4040.29
4019.65
4022.37
4012.42
3981.06
4033.11
3967.8
3985.88
4019.67
3998.83
3985.14
3998.97
3958.17
4063.72
3992.11
4005.28
3981.17
3954.23
3970.31
3961
4012.46
3980.61
3983.05
3990.31
3955.27
4018.89
4013.54
4027.95
3969.5
4049.61
3961.41
4012.71
3964
3976.94
3970.8
4030.33
3991.98
4018.26
4009.19
4038.76
3972.44
3956.24
3976.22
4005.5
4004.23
4004.49
4020.37
4038.99
3997.14
4007.77
3987.98
4001.57
4004.36
3968.22
3983.41
4030.39
4076.7
3968.45
4043.21
3980.86
4029.75
4047.31
3962.08
3941.63
3989.8
3986.45
3979.15
3997.7
4032.2
4010.11
4057.14
3974.42
3994.66
4061.83
3955.7
3994.25
4003.26
3966.39
3968.98
4009.42
4044.61
4021.42
4003.13
3957.9
4045.99
4006.2
4016.38
3997.87
3992.27
3988.66
3971.06
3984.87
4018.07
4036.83
4007.52
4017.6
3968.59
4003.13
3960.07
3922.58
4008.61
4024.67
3984.15
4023.51
3992.72
4021.85
4026.28
3960.92
3999.31
4009.19
4062.8
4005.83
4006.69
4028.77
3940.73
4038.67
3987.79
3956.18
3995.72
3975.08
4002.81
3966.71
3946.14
4052.43
4004.17
4052.92
4014.01
3989.53
3985.7
3911.22
3920.77
4019.96
4018.89
3992.03
3984.92
3976.68
3961.59
4007.81
4010.82
3994.27
4030.14
3994.1
3992.87
3986.76
4031
4007.13
3921.13
4005.83
3931.13
4002.42
3948.67
3969.46
4087.8
3975.54
4013.79
3993.88
4039.85
3987.11
3989.97
3978.01
3950.69
3993.41
3988.48
4023.54
3990.44
4002.26
3995.8
3992.1
3965.07
4026.3
4012.53
4032.09
4013.24
4031.38
4012.14
3960.03
3992.12
4011.42
4021.7
3997.72
4014.17
4013.38
4023.96
3992.54
3998.96
4025.33
4032.57
4035.2
4009.66
3990.37
4012.06
3976.11
4008.91
3993.06
4020.91
4067.98
3997.89
3977.03
3937.13
3987.03
3992.14
3995.24
4027.53
4035.43
4017.52
4018.46
3985.31
3985.61
4053.14
3999.64
4019.67
4005.45
3986.62
4014.63
3971.86
3981.51
4021.27
4021.13
3991.38
4043.52
3980.45
3934.07
4001.86
3971.82
4017.1
3991.67
3979.8
3967.28
4016.04
4029.85
4001.28
3986.64
3968.85
4044.74
4004.89
4036.7
3953.11
3977.26
4006.66
3982.87
3995.56
3964.32
4017.3
4014.01
4002.57
4045.04
3957.54
4000.41
3971.37
4015.49
4011.18
4007.15
4030.06
3995.62
3971.84
3980.95
3996.76
3992.15
3986.75
3976.07
4040.03
3974.23
3990.24
4035.79
3966.54
3985.82
4016.5
4052.75
4012.42
4044.65
3968.35
3951.78
3932.97
4018.7
3992.95
4033.79
4004.26
3990.8
3976.66
4000.28
4014.3
3997.04
3997.34
3933.43
4029.93
4014.04
3999.39
3995.85
4040.92
3985.94
3958.01
3971.78
4036.69
3963.8
3970.68
3983.82
3991.08
3977.12
4023.67
4019.43
3980.1
4035.79
3953.67
4005.09
4023.11
3951.94
4014.03
4005.8
3974.36
3974.62
3988.06
4000.07
4013.97
3979.2
4021.05
4032.79
4019.14
4013.66
4015.75
3975.98
4003.46
4045.41
3968.21
3981.18
4027.32
4019.14
4022.75
3983.36
4059.74
4009.19
4025.11
4005.09
4029.57
4009.59
3992.48
4009.14
3989.45
3963.44
3990.23
3985.8
4021.28
3979.57
4011.33
4048.64
4025.27
4024.88
4016.44
4005.02
3977.19
4025.76
3986.19
3978.38
4004.95
3976.56
3939.7
3996.23
3959.36
3984.41
3981.38
3989.46
4013.2
3973.41
4030.52
3979.11
4051.9
3980.23
3991.29
4018.46
4034.35
4005.72
4013.15
4013.51
3994.45
3988.85
3963.89
4003.01
4029.45
4001.01
3919.67
3999.55
4009.41
3986.65
4000.35
3972.37
3963.65
4001.79
4007.15
3996.02
4043
4010.2
4025.48
4011.72
3965.13
4040.43
4037.4
4026.99
3958.55
3944.46
4019.29
3998.42
3996.32
3982.66
4002.1
3988.82
4005.54
3948.49
4025.39
3986.18
4010.43
4052.81
3996.48
3991.39
4020.45
3995.49
3952.17
4008.73
3987.97
3936.02
4013.51
4038.2
3950.96
4022.56
3954.84
3984.3
3979.12
3976.08
4039.36
3996.36
4001.33
4019.86
3999.48
3999.78
3997.33
3971.79
3978.44
3997.6
4011.83
4012.93
4010.64
4024.25
4040.08
4022.56
4006.01
3995.09
4001.62
3993.12
3955.92
3980.05
4006.97
3961.72
3948.22
4016.81
4018.2
4022.53
3993.39
3966.47
3971.62
3956.8
3997.96
3998.51
4037.3
3969.06
4010.01
4018.5
3971.44
4001.29
3977.95
3988.02
3935.04
3951.51
4028.18
4028.05
4008.23
4050.48
3986.64
4039.4
3998.42
3999.8
4032.15
3946.41
3961.47
4022.3
4029.57
3990.26
4048.15
4002.79
4004.69
4048.34
3989.2
4010.95
4026.26
3998.47
4009.29
3993.15
4002.9
3992.03
4011.78
3975.08
4037.42
3989.3
4043.69
4001.83
3968.14
3985.38
3993.12
4014.39
3974.52
4037.08
3975.96
3965.32
3987.8
4033.32
4039.34
4010.33
4013.28
4043.52
3976.42
4007.85
3988.89
3963.65
4000.54
3980.35
3962.53
3967.89
3976.47
3994.5
3989.91
3998.16
3994.71
4038.86
3981.1
3950.37
4029.85
3974.52
4021.99
4013.3
3958.85
3978.6
4036.36
3981.89
3981.49
4005.36
3990.29
3922.68
4000.19
3983.05
4017.04
3995.14
3968.67
3967.02
4010.25
4016.13
3951.89
3963.36
3977.55
3984.49
3996.39
4046.75
3989.93
4018.41
3985.08
3967.31
3986.71
4001.9
4006.48
4007.14
4024.17
3966.42
3969.25
4012.12
3991.42
4042.76
4025.84
3951.99
3967.74
3964.84
3991.78
4016.32
3990.51
3987.05
4040.58
4008.56
3972.65
3989.41
3973.14
4002.85
4011.08
3934.95
3972.69
3996.65
4034.02
3977.72
3981.65
3980.99
3964.43
4012.47
4030.88
3971.62
4047.78
3962.44
4002.1
3938.06
4028.29
4023.66
4002.25
4004.55
3958.75
4043.51
4016.14
4090.39
4069.26
4017.63
3987.44
3989.33
3996.56
4037.44
4014.9
3946.27
4020.18
4004.48
3982.78
4007.18
4002.8
3979.28
4028.49
3998.42
3995.89
3989.31
3970.93
4050.36
4023.4
4017.56
3959.54
4006.42
4047.85
3974.17
3950.25
4014.99
4003.62
3989.79
4024.82
4071.87
4045.98
4002.12
4001.97
3961.96
4000.38
3977.12
3973.75
4029.78
4038.8
4051.25
3968.22
4002.9
3982.39
3973.8
3979.35
4008.3
4032.1
3993.19
3977.11
3988.28
3965.71
3961.07
4018.1
3984.51
4020.15
3962.52
4016.01
3953.36
3993.16
3967.09
3953.57
3983.87
4027.11
4004.58
3992.44
3998.5
4016.65
4043.26
4002.42
3963.67
4017.06
4011.97
3987.71
4025.34
3961.93
4005.07
3984.76
4017.77
4000.41
3977.98
4019.07
4046.33
4015.09
3940.25
3972.6
3987.7
3983.94
4004.68
3952.95
4008.88
3974.27
4007.73
4036.82
4001.09
3988.2
3972.01
3972.23
3979.74
4004.9
3933.07
4018.47
3990.45
3958.53
4002.19
3973.5
3985.06
3977.58
4033.47
3984.64
3991.78
4016.05
4016.12
3983.87
3985.39
3963.55
4011.54
4036.92
4049.53
3999.18
3998.54
3985.8
4018.41
3993.49
3961.4
4025.27
4002.18
3975.01
4014.56
4007.07
4041.65
4007.19
4069.98
3966.07
3962.55
3996.93
4005.08
4004.21
4039.36
3955.34
3962.1
4014.49
4063.33
3984.9
4012.02
3957.98
3978.19
4050.29
3983.32
4002.15
3944.03
4069.86
4016.4
4033.31
4033.31
3974.63
4057.65
4035.07
4002.97
3980.73
4036.06
4036.24
3988.96
3953.93
3980.19
3971.41
4040.46
4032.16
3988.78
4006.48
4020.61
4021.83
3987.29
3977.89
3994.31
4007.99
3990.83
3993.8
4020.73
4016.65
4022.39
3964.42
4018.92
4005.76
3975.14
4005.94
3994.81
3990.82
4065.18
4024.83
3984
3982.58
3981.02
3986.17
4000.2
3956.97
4030.11
4000.63
3998.35
3962.56
4054.7
4021.99
4025.77
3962.88
3975
3987.74
4011.75
3953.65
4049.88
3996.21
3999.26
3941.38
4003.46
3962.82
3999.65
4031.2
3977.77
3982.83
3999.58
3999.38
4014.1
4054.76
4030.84
4009.42
4001
4031.12
4033.79
4012.09
4041.4
3987.76
4015.91
4005.97
4018.4
4007.57
3984.3
4006.79
3970.06
4011.96
3999.24
3975.72
3955.82
4018.35
4061.81
4008.98
3975.73
4029.01
4058.28
4043.35
4005.14
4019.87
3986.98
4005.98
4005.9
3991.72
3991.35
3982
3995.13
4001.72
3919.36
4034.43
4002.2
4014.18
4047.84
4002.28
4019.4
3994.06
3974.05
4014.26
3974.81
3975.78
3999.06
3992.01
3951.26
4037.55
4012.39
3975.65
4035.99
4007.41
3976.26
4042.09
3957.35
4011.04
4041.71
3982.03
3996.74
3981.02
4001.59
4003.49
3983.4
3992.94
4015.84
4014.76
4027.76
3962.79
4000.85
4010.36
4007.69
3979.99
3988.29
4039.64
3969.89
3955.26
3997.16
3987.31
3997.4
4035
4035.54
4028.68
4024.88
3989.1
3959.19
4009.6
4008.12
3988.97
3963.61
3996.69
4014.24
3999.7
3976.63
3965.42
3995.48
4064.11
3974.68
4013.61
4021.02
4025.17
4003.04
3971.6
3938.93
3992.27
4050.22
4009.48
3970.04
4021.06
3998.27
3974.93
3964.12
4001.43
3994.49
4021.43
3989.77
4007.6
4020.78
4019.9
4003.49
4041.6
3994.09
4030.49
3984.72
3971.19
4021.86
4034.21
3978.38
3992.27
3994.91
4003.16
4013.4
4050.01
4020.31
3972.03
4036.23
3955.39
3995.49
4019.13
3991.78
4003.78
3982.95
3983.73
3945.22
3948.36
3965.17
4006.04
4000.82
4018
3997.14
3995.75
4066.15
4025.83
3986.4
3983.53
4015.71
4015.13
4033.93
3954.85
4044.9
4013.42
4058.32
3965.05
3947.2
4042.42
4045.95
4008.69
3961.51
4030.36
4029.37
3962.73
3992.1
4033.16
4007.06
4049.39
3992.61
3989.37
3984.13
4020.79
3993.36
4009.82
3976.15
4040.28
3984.66
3990.85
3971.58
4022.54
3960.44
3990.83
4031.43
3967.7
3997.75
3963.13
3992.42
3987.4
4016.5
3981.85
3960.96
3928.27
3967.18
3991.22
4025.8
3957.88
4007.17
3989.06
3986.58
3958.64
3973.56
3995.18
4006.77
4018.31
3966.72
4032.57
3935.48
3968.77
3964.78
4014.05
3948.48
3963.05
3987.98
4028.5
3985.27
4018.14
3987.26
4001.28
4006.95
4001.99
4031.14
3973.49
3964.63
4011.08
4011.25
4018.62
3974.7
4010.36
4005.79
4038.67
3988.61
4024.2
3998.85
4003.06
3991.39
3989.03
3954.06
3992.59
4022.2
3995.32
3974.1
3989.9
3999.24
3976.81
4012.93
4013.22
4008.61
3984.18
3984.59
4007.88
3997.58
4028.19
4007.31
4051.41
4007.58
4016.6
3987.77
4048.19
4035.87
4006.43
4016.05
3958.38
3991.34
3974.95
3995.42
4016.54
4004.86
3945.41
3969.86
3989.67
4008.57
4010.54
4003.18
4051.5
3966.42
4023.33
3957.78
4002.73
4010.49
3990.52
3999.33
4015.91
3999.57
4012.44
4031.12
4010.67
4020.27
4049.02
3981.76
4052.35
4015.35
4048.24
4011.73
4050.27
3952.58
3953.13
4026.8
4000.1
4030.91
4038.94
3965.19
4024.5
3993.39
3958.98
4027.1
4001.14
4049.9
3964.62
3974.82
3993.1
3995.17
4004.3
4015.83
4033.29
3988.13
3955.4
3996.76
3998.42
3999.43
4030.34
4028.2
4022.11
3980.25
3940.04
4000.67
4009.63
4004.6
4001.33
4014.27
4034.47
4007.38
4004.88
4012.25
3964.34
3970.17
3973.3
3994.22
3984.7
4010.61
3995.18
3963.23
3959.76
3994.93
3958.92
3968.97
3965.98
4013.62
3989.94
4050.65
3992.15
4013.18
3980.56
3993.42
4008.12
3991.81
4017.08
4020.19
4000.24
4009.1
3993.54
4047.23
4038.93
4016.43
4003.56
3958.7
4001.66
4016
3963.69
3986.57
3967.78
4014.18
3987.78
4035.68
3994.62
3936.4
3951.38
4049.68
3987
4040.19
3981.96
3974.93
4012.97
4014.48
4037.12
3954.85
4039.36
3980.76
4011.04
3978.01
3965.85
4040.85
3958.92
4005.54
3989.05
3963.65
3938.37
3976.9
4010.87
3990.5
4023.3
3988.85
4006.38
3966.05
3991.66
3983.71
4012
4018.49
3977.43
4023.58
3983.06
4001.31
3981.44
3976.83
4032.11
3997.38
4020.67
4040.28
3958.93
3999.52
4008.94
4004.49
4000.36
4016.7
3938.96
4006.7
3977.78
3988.69
4004.81
4013.93
4032.98
3961.64
4013.05
3994.4
3993.4
3992.37
4040.88
3960.8
4016.24
4037.79
4023.11
4027.4
4030.42
3995.92
4030.42
4002.1
3983.26
4002.28
4050.58
4024.09
4029.84
3976.53
3996.56
3997.27
4019.78
3996.94
4000.44
4046.2
3972.05
3996.06
4026.79
3979.79
3978.7
4026.96
3934.34
4053.22
4020.44
4044.22
4007.05
4008.72
3980.41
4066.78
4006.82
3986.7
3970.57
4004.51
3974.37
3984.99
3975.75
4025.46
3990.62
3992.16
4023.53
3935.03
4003.56
3966.16
4031.08
3980.85
4013.7
3983.4
4094.02
3989.08
3999.68
4051.92
3999.9
3995.62
3989.59
3992.25
4023.6
3982.07
3990.89
4010.26
3980.87
4059.38
3987.63
3967.04
3959.23
3979.47
3979.48
3956.07
4019.22
4016.77
3984.01
3996.41
3998.5
3966.09
4026.82
4000.48
3987.42
3963.51
4028.01
4003.95
4000.6
3976.35
4058.48
4009.11
4027.19
4004.3
3966.6
3972.29
4024.2
4037.22
3956.38
3995.78
3997.99
4002.29
4017.74
3979.85
4007.12
3963.22
3995.97
4059.08
4005.89
4008.03
4015.98
4001.22
3999.35
3958.6
3979.7
4001.37
4036.84
3980.18
4009.97
4058.09
4000.02
4010.41
3986.95
3987.17
3989.74
4056.64
4027.98
3988.27
4010.23
3968.39
4005.9
4025.39
4019.02
3994.46
4003.84
3983.31
4010.55
4026.01
4049.6
4009.75
4023.59
3987.69
3996.06
4022.6
3983.98
4037.47
4055.21
4015.05
4002.96
3970.44
3973.24
4024.86
4015.28
4065.89
3976.92
4047.64
4043.62
3960.22
4017.28
3980.71
3986.24
4045.19
3962.57
3939.17
4005.65
3951
3991.99
4003.03
4038.95
3968.64
4044.11
3990.3
3987.86
3989.22
4078.34
3994.49
3991.97
3998.14
3984.77
3992.21
3941
3943.36
4030.39
3985.99
3953.69
3980.6
4019.27
3986.72
3944.32
4038.57
4059.16
3966.53
4027.17
3972.97
4031
4019.07
4031.55
3960.53
3978.63
4014.39
3989.33
3990.5
4020.78
4007.86
4019.88
3987.3
3986.28
3990.01
3978.7
4012.53
3969.51
3972.49
3962.22
3980.25
4053.53
4014.41
3977.57
3958.98
4004.16
3986.02
4007.85
3988.15
3996.46
3993.9
4019.96
4002.55
4019.36
3997.81
3966.56
4002.36
4068.94
4035.74
3960.68
4011.6
4023.93
3980.38
4028.97
4037.66
4013.65
4010.66
3980.03
3979.61
3999.54
4033
4042.74
3987.33
3995.68
4020.67
4006.5
4027.89
3973.13
3991.22
4006.72
3989.47
4011.07
3994.53
3995.76
4008.24
4029.57
3966.76
3991.19
4043.66
4047.34
4042.82
4023.63
4049.76
4033.16
3995.77
3953.68
4029.85
4003.71
4034.03
4041.45
3997.8
3970.67
4021.35
4024.41
3981.91
3951.6
4014.15
4028.47
3987.67
4006.45
3966.37
3971.72
4030.92
4005.78
3985.26
3968.42
4052.84
3996.69
4013.24
3977.38
4039.62
3944.52
4003.39
3976.01
3990.25
4024.92
3985.28
4037.34
4042.98
3985.66
3985.93
4013.14
3962.81
4054.51
4003.78
4029.57
4015.94
3996.42
3995.85
4014.95
4033.53
3993.32
3987.01
3959.72
3982.49
3977.83
3997.97
3989.72
3998.71
4045.78
4041.43
3998.63
4044.15
3996.44
3990.93
3988.07
3944.79
3976.75
3982.09
3979.25
4005.85
3995.44
3961.45
3965.42
3977.24
4035.77
3987.43
4038.49
3991.07
4049.52
3954.18
3977.26
4017.06
3945.87
4015.53
4051.45
3993.12
4037.35
3974.22
4002.95
4044.29
3947.36
3960.87
4002.57
3962.62
3956.97
3986.85
3994.4
3984.44
4056.58
3955.95
4011.6
4030.04
3967.44
4008.33
3990.13
3993.29
3949.19
4013.33
4019
4012.21
4002.37
3984.43
4000.47
3994.88
4051.35
3991.04
3972.67
4002.46
3974.94
3991.08
3983.76
3975.81
4021.77
4034.61
4020.99
4010.39
4053.17
3971.75
4000.08
4057.76
3999.73
4035.53
4021.74
4030.26
4044.86
4016.87
3965.4
3989.23
4064.01
4006.58
4023.33
4020.58
4011.49
4018.44
4021.28
3998.97
3968.83
4000.64
3983.97
4011.39
4042.17
4008.78
3981.53
4001.69
4009.68
3979.05
3995.22
4038.24
4031.4
4039.09
4017.16
4041.37
3980.74
4015.36
4003.23
3986.32
4003.17
4018.3
3956.21
4017.06
4000.81
3990.15
4016.85
4033.56
4030.48
3988.87
4006.59
3978.04
3980.5
3972.57
4060.68
4013.87
3942.46
4072.48
4017.08
4028.85
4030.87
4009.73
4000.53
3990.88
3996.53
4026.89
3943.15
4019.1
3963.1
4017.88
3998.66
3993.61
3994.09
4021.46
4019.86
4014.94
4007.55
4002.59
4012.62
4040.58
4003.73
4020.03
3927.85
4058.79
3975.86
3965.72
3954.08
3989
4056.14
4007.36
4003.16
4005.4
3990.03
4023.87
4012.15
3960.54
3992.26
4006.08
3973.43
4016.7
4001.72
4016.53
4009.81
3969.92
4004.86
3950.21
4017.03
3992.01
3974.62
3987.97
3994.6
4009.23
3993.38
3993.19
3953.56
3998.71
4034.87
3984.7
3997.56
4043.2
3991.44
3979.36
4000.86
4003.82
4006.5
3977.79
4016.54
4033.26
4011.11
4004.77
4061.25
3984.31
3973.6
4027.53
3947.57
3982.22
4016.28
4016.02
3990.26
3959.33
3980.66
3997.21
3992.33
3994.36
4047.73
4012.56
4028.98
4021.43
4018.05
4002.16
3979.06
4013.45
3935.94
4018.73
4009.54
3974.64
4023.57
3975.52
4037.46
4014.21
4014.5
3984.9
4004.21
3951.94
4007.21
4020.67
4011.79
4007.24
3973.54
3931.4
3971.2
4002.53
3988.85
3967.28
4030.73
3980.53
3980.43
3979.87
3960.44
4017.82
4003.42
4000.68
3992.72
3969
3961.9
3980.12
4045.58
4028.5
4038.55
4000.95
4001.17
4025.15
3958.16
3961.27
4030.97
4007.87
3947.2
4003.43
4021.91
3975.63
3971.79
3995.4
3984.47
4014.67
3990.44
4024.22
3978.73
3987.32
4033.68
4026.08
3988.44
3963.97
3969.33
4017.08
3985.31
3978.98
3941.52
3985.67
3994.11
4019.26
4004.5
4040.23
4039.11
3963.05
3949.98
4028.13
4002.82
4079.42
3978.43
4052.58
4042.95
3965.95
3996.55
4038.51
4005.57
3955.97
4025.95
3962.38
3963.07
3969.94
3988.84
3999.76
4030.22
4021.46
3986.55
4029.12
4006.87
3964.89
4048.87
4007.32
4010.79
4035.18
4008.43
4004
4007.13
3999.92
3983.52
3983.14
4063.05
4016.27
4011.22
3994.41
4033.88
4009.24
3996.95
3949.96
3975.77
4027.99
3988.04
4002.12
4003.26
3976.28
3989.32
3971.71
4002.6
3994.4
3953.66
3997.18
3979.35
3996.58
3956.97
4023.23
3978.56
3967.13
3994.92
3960.2
3981.9
3960.31
4019.68
3969.86
4002.58
4038.67
4011.56
4015.48
4022.1
4022.9
4032.77
4034.32
3995.24
3984.16
3938.49
3998.36
3980.97
3972.44
4047.78
3972.05
4001.83
3972.25
3999.77
4016.4
4014.8
3943.97
4056.3
3968.55
4051.2
3970.86
3981.92
4001.93
4014.28
3995.56
4003.31
3988.55
4016.72
3993.61
4034.4
4021.52
3969.96
3967.43
4034.38
3971.79
3999.97
3995.57
3981.05
4007.91
4029.25
3944.07
4012.66
3994.41
4002.97
4022.86
4015.57
3989.68
3990.73
3998.24
3989.52
3978.7
3980.07
3984.18
4017.62
4002.79
4047.69
3983.54
4028.71
4028.38
3964.63
4016.67
3985.32
4003.72
3999.04
3996.87
3967.69
3996.34
4034.32
3994.15
3990.45
4028.56
4013.3
3989.23
3979.23
3938.12
4000.22
4009.71
4030.94
3955.78
3997.34
4012.77
4049.76
4012.81
4034.69
4029.41
3932.37
3942.19
4027.96
3990.87
3958.71
4018.83
3984.12
3999.25
3977.54
3956.05
4025.83
4044.99
4009.69
3958.96
3980.09
3998.7
3970.33
3967.27
3980.6
4019.61
4057.86
4012.36
3992.31
4023.47
3996.95
3993.33
3981.23
4017.69
4016.74
3992.75
4044.63
3975.11
3952.91
3938.7
4066.11
4019.75
4018.09
3989.04
3995.6
4003.52
4003.16
4016.76
3990.41
4010.45
4000.57
3980.33
3978.78
3976.01
4028.03
3994.78
4023.37
3979.72
4000.56
4025.49
3983.34
4034.81
4003.14
4030.5
4045.79
4027.75
4012.64
4005.37
3997.31
4010.95
3985.73
3985.02
4052.89
3938.9
4030.34
4041.71
3975.7
3997.83
4001.21
3997.2
4034.21
4014.08
4019.1
4051.01
4027.54
4019.08
3983.27
4014.79
4002.29
3994.28
3980.48
4009.62
4003.69
4017.84
3934.32
3968.09
3988.74
3994.61
3995.29
3992.32
3988.08
4032.38
3994.06
4017.78
4000.15
4007.31
4026.86
3967.24
4044.98
3978.16
4032.84
4002.34
4015.66
3995.47
4012.42
4012.98
3979
3987.09
3969.05
3954.83
3994.09
4018.23
4015.26
4054.26
4027.21
3939.53
4016.84
3981.75
4002.77
3969.01
4046.05
3929.29
3965.98
3980.54
3998.53
4013.47
4037.75
3994.21
4014.26
3972.81
4001.45
3992.71
4030.09
4014.92
3986.74
4027.91
4039.81
4005.7
4006.79
3949.63
3969.45
4016.57
3985.22
3935.18
3969.9
3970.6
4017.72
4000.5
3976.09
3990.47
4042.19
3998.92
3960.88
4024.65
4018.89
3978.1
4035.23
4023.51
3986.48
3994.65
3966.4
4005.69
4000.83
4052.68
4020.9
4028.95
4002.18
3999.32
4028.82
4002.54
4025.98
3970.13
3961.7
3990.43
3999.08
3984.64
4009.5
3963.31
3998.56
4016.23
4000.16
4037.74
3993.07
4056.67
3956.22
4008.66
4009.69
3963.94
3967.79
4000
3996.84
4018.03
4006.11
3979.82
4048.18
3989.79
4032.69
3937.79
3998.72
3965.18
4035.14
4057.41
4044.8
3992.94
4023.83
3985.41
4010.54
4014.59
4019.97
3995.94
3997.25
3969.28
3957.07
4030.2
4011.12
4028.29
4013.88
4034.91
3943.79
3982.21
4017.75
3970.82
4011.33
4009.7
4028
4010.44
3992.44
4013.41
4053.52
3961.42
3996.21
3973.63
3992.54
3990.71
3954.25
4027.93
3994.82
3997.65
4039.12
3981.28
4016.85
3983.14
4035.92
3995.18
4040.8
3961.53
4031.17
4010.99
4024.6
3969.46
4025.06
4063.61
3958.08
3998.53
3974.52
3990.87
4024.62
4010.09
4014.46
4027.84
4027.54
4012.65
4053.99
4013.36
3980.65
4010.57
3955.8
3986.38
4029.94
4013.06
3990.02
3980.51
4017.96
4000.31
3983.04
3994.82
4045.78
3995.93
4044.2
3992.6
3962.89
3965.83
3975.52
4000.07
4027.76
3990.24
3959.4
4028.84
3936.12
3983.83
4021.26
4019.17
3963.54
4041.27
4016.4
4006.45
3966.15
4039.02
4028.81
3981.68
3988.47
3998.27
4011.01
4043.9
4027.08
3963.84
3989.1
3980.01
3970.73
4023.2
3974.14
4034.55
3990.41
4022.31
4037.98
4024.25
3999.65
4004.61
3999.37
4010.11
4024.15
3982.78
4005.7
3959.78
4073.82
3973.67
4032.06
3973.96
4031.27
3989.58
3996.96
3951.92
3968.22
3998.88
4008.38
4050.09
4029.47
4022.6
4023.12
3980.99
4014.44
3953.73
4009.24
4020.07
3970.37
4038.16
4019.06
4035.84
3986.39
3997.44
4014.08
3986
3972.75
3999.34
4027.06
4004.89
3989.42
3992.33
4034.95
4015.93
4036.61
4016.26
4000.05
3954.65
3991.14
3962.91
3994.63
3980.4
4009.55
4000.4
3970.96
3985.17
3968.2
3981.63
4014.3
4008.1
4004.92
3998.31
3989.11
4012.97
4014.56
3973.99
4028.54
3978.19
3990.59
4029.77
3957.91
4010.08
3980.4
3985.94
4012.85
4038.62
4028.11
4001.6
3938.97
4024.83
4004.02
3963.05
3985.69
4019.16
3997.54
3984.03
4033.46
3961.26
3979.66
3990.84
3995.16
4002.98
3944.07
3980.47
4052.8
4041.36
3964.82
3998.21
3995.09
4037.24
3977.97
3964.16
4025
4011.5
3971.55
4033.13
3991.25
3940.61
4001.93
4030.7
3969.75
4008.82
4008.03
4001.87
4008.46
4017.31
3997.31
3995.47
3975.3
3999.06
3920.39
4008.73
3989.34
4017.76
4009.69
3985.95
4040.72
4008.48
4065.11
3964.28
3968.16
3934.52
4008.24
4006.69
4021.13
4023.76
4025.82
4047.84
3989.79
3988.36
4011.09
4015.26
3967.03
3992.84
3988
3953.71
4050.46
4007.48
4023.14
4010.53
3964.89
4015.06
3995.2
4045.44
3967.14
3995.05
3984.44
3998.21
4000.18
4038.67
4010.57
3962.43
3993.38
3993.3
4018.7
4046.58
3950.11
4002.52
3956.91
4031.24
3963.42
3987.1
4014.66
4007.65
3967.51
3951.62
4066.8
4040.15
4006.04
4028.49
3999.73
4017.65
4011.29
3997.16
4013.36
4042.37
4011.97
3970.45
3970.18
3992.45
3984.91
3919.95
4060.4
4007.68
4011.6
4009.4
4007.67
4065.84
3994.27
3946.73
4019.09
3991.38
3980.94
3966.55
3978.3
3954.19
3975.36
4005.92
3996.21
4027.78
3996.64
3985.48
4027.07
3997.44
3965.73
3976.73
4026.21
3996.19
3979.45
3984.41
3982.47
3974.07
3979.29
4047.03
3963.77
4019.19
4017.84
3978.19
4045.04
4022.8
4010.63
3970.89
4018.59
3986.76
3986.42
4001.93
4001.56
4033.78
4022.77
3993.76
4021.57
3995.36
4014.27
3994.37
3963.08
3985.21
4029.07
4020.78
3973.92
4004.88
4008.12
3956.2
4000.62
3977.88
3965.17
4015.52
4014.09
4037.12
4063.99
3958.62
4007.78
3977.12
4024.41
3980.66
3973.29
3992.23
4033.86
4037.83
3971.91
3963.06
4013.34
4032.41
4013.91
3977.03
4044.24
3990.84
3972.01
4035.72
4003.38
4003.12
4049.81
4002.32
3998.77
3986.13
3959.66
3997.4
4032.6
3962
3958.1
3966.32
4026.91
3958.14
3964.76
3960.65
3999.91
4014.24
4020.04
3999.04
4007.87
3999.46
4024.39
3992.11
4011.96
3982.29
4002.41
3984.87
4064.56
3962.29
3988.7
3995.6
4033.07
3968.27
3978.32
4020.42
3987.81
3973.16
3998.04
4015.2
4023.73
4020.87
3991.01
4040.58
3987.75
3974.63
3997.88
3923.82
4041.75
4065.75
4012.3
4023.3
4003.58
4003.57
4012.96
3970.15
4012.8
4019.5
4022.36
4013.69
3996.37
4014.71
3947.65
4016.4
3997.8
4035.9
3999.91
3984.25
3950.04
3981.26
4002.09
3969.35
4011.26
4006.91
4016.19
4026.46
3995.32
4005.65
3967.76
3959.91
4020.87
3977.7
3971.99
4007.92
3978.43
4048.42
3993.15
4025.3
3972.84
4002.38
4009.77
4009.32
3980.25
4009.05
3982.23
3986.87
3981.83
4032.19
4005.69
4034.32
3978.14
3969.36
3978.2
4031.05
3969.19
3968.81
4017.07
4004.51
3957.72
3973.75
4018.3
4018.8
3985.68
4017.72
3972.99
4015.71
3973.34
4010.17
3984.17
3979.81
4034.33
3951.66
4016.91
4033.04
4014.06
4011.62
4021.48
3999.96
4020.55
4000.79
4012.11
3960.34
4005.54
3990.44
3977.96
3986.15
3998.59
4021.17
3979.84
3991.73
4043.15
4029.21
3982.35
4005.15
3967.79
4008.22
4041.74
3976.9
3970.45
4010.99
3978.78
3974.11
4018.43
4009.56
3997.14
3982.95
3995.89
3997.58
3978.88
3973.74
3997.91
3969.04
4020.75
4046.22
3988.65
4053.84
4064.08
3978.55
3970.91
3986.66
3992.2
3999.66
4038.53
4015.42
3971.52
4022.81
4015.68
4008.97
4003.68
3991.35
3982.3
3973.51
4024.85
4018.77
4004.02
3991.37
4023.87
4001.17
4012.91
4015.26
4018.6
3992.37
3934.55
3973.74
3986.96
4019.28
4007.19
4002.38
3934.52
4006.06
3985.47
4008.12
4018.1
3989.49
3981.97
3996.69
4045.6
4044.92
4027.52
3999.68
3971.12
3996.54
3967.63
3984.55
3998.52
4014.16
4012.76
3997.82
3997.73
3945.48
3991.74
3974.29
4018.8
3966.71
4018.13
3994.95
4001.11
3940.94
4035.02
4025.44
3942.27
4042.84
3970.02
3992.56
4020.18
4011.99
4022.74
4033.51
3992.89
3975.93
3950.36
4016.33
3936.35
4029.21
4007.39
4018.33
3953.54
3936.64
3987.61
3979.36
3996.65
4074.58
4024.4
3976.64
3993.35
3989.6
3988.57
3948.8
3996.4
4043.71
3979.21
3949.76
3933.56
4020.22
3985.38
4021.59
3989.79
4004.68
3959.41
4049.79
4015.44
4026.15
3980.5
4085.44
4027.75
4000.26
3976.77
4022.6
4014.33
3969.34
3980.85
4035.19
4004.69
4011.15
3988.09
4023.81
4001.87
3983.1
4040.66
3984.01
3993.15
4003.03
3981.98
3995.8
3983.78
4025.81
4005.43
3972.47
4018.35
3977.86
3986.35
4012.33
3999.27
3995.78
4017.36
4004.16
3977.88
3978.15
4007.67
4030.23
4023.12
3999.57
3992.18
3986.2
3989.99
3998.89
4000.02
3994.97
4023.44
4055.88
3994.13
3968.14
4051.57
4003.51
3991.7
4007.25
3982.25
3978.68
4005.56
3986.22
3979.54
4022.97
3973.36
3989.26
3998.19
4036.71
4008.6
3994.27
4028.35
4032.06
3960.3
4019.25
3994.47
4017.06
3998.2
3942.35
4005.58
4079.28
3993.09
4002.3
4036.58
4054.78
4023.14
3934.11
3990.73
4039.8
4010.29
4010.21
4008.8
4038.74
3988.56
3990.43
3979.29
4029.61
3999.03
4017.03
3997.45
4005.26
4043.82
4004.86
4019.09
4005.8
4035.88
3977.1
4056.58
3994.7
4006.62
4036.5
3989.67
3945.31
4040.15
4011.23
4020.39
4016.9
4018.43
4001.18
4003.66
3996.65
3983.61
4021.07
3945.18
3977.04
4057.5
3985.68
4007.62
3953.45
3978.34
3984.13
3995.62
4010.77
3985.9
3996.92
4036.19
3979.44
4004.1
3997.11
4033.17
4033.71
3999.06
3957.64
4011.45
4033.31
4010.08
4006.6
4031.25
3961.82
4020.75
4000.9
3957.21
3983.59
4017.23
4012.62
3994.65
4014.18
4046.98
3985.12
4001.87
4014.3
3998.61
3950.72
4021.44
3977.29
3984.65
4020.53
3985.92
3998.16
3995.4
4024.35
3996.16
4014.41
4006.97
4023.89
4013.67
3980.59
3978.68
3990.82
4003.4
4040.3
3972.36
3976.99
4027.17
4004.39
4007.19
3997.08
4079.23
4032.85
4015.49
3993.47
3981.67
4049.92
3995.94
4019.35
4018.42
4058.95
4003.26
3997.84
4005.85
3956.91
3981.9
4028.86
4008.06
3923.5
4019.73
3964.09
4063.03
3975.2
3978.58
3999.94
4013.34
4022.52
3954.33
4002.64
3984.8
3989.42
4025.43
3990.55
3992.5
4014.85
4013.76
4003.39
3978.62
3995.02
3953.1
3976.54
3986.74
3978.03
4036.23
3943.84
4023.6
4030.35
4015.13
4032.84
3982.83
3980.71
4047.64
4014.85
3949
3987.08
3942.41
3988.92
3987.5
4036.18
3993.46
4002.14
3997.66
4008.94
4020.48
4058.41
3994
4061.28
4034.77
3995.71
3971.39
3966.35
3978.97
3930.1
4007.87
4007.77
3996.69
4021.38
4013.2
3966.72
3976.4
3959.73
4026.07
3999.47
3997.77
3999.09
3977.46
3985.71
3979.77
4003.23
4023.75
4042.17
4002.99
4040.45
3946.5
4009.8
3977.65
3962.15
3991.22
4039.3
3988.85
3977.73
3975.92
4009.64
4056.23
4020.96
4056.37
4050.07
4014.27
4000.73
3995.23
3983.51
4009.81
3973.84
3953.16
3956.76
3979.51
4000.45
3975.05
4004.62
4002.69
4021.28
3953.62
4017.52
4032.39
4014.18
3996.21
4003.95
3993.67
3970.67
3997.99
3976.99
3993.73
3994.03
4001.73
3995.2
4010.89
4022.97
3943.32
4003.77
4016.42
4005.08
4056.16
3969.34
4011.41
4015.59
4015.48
3978.19
4019.02
4004.75
4042.63
4001.74
4001.87
3997.26
4029.14
4023.97
3987.51
4036.47
4013.37
3994.99
4028.48
3980.92
3977.79
4022.8
4003.49
4004.32
3996.81
4066.7
4027
4002.27
3983.39
3972.49
3947.98
4065.71
4045.6
3968.16
4041.49
4046.39
4018.75
3994.11
4031.98
3948.83
4009.88
4012.88
4030.52
4020.15
3978.99
4005.54
4000.79
4072.22
4032.94
4054.79
4026.85
3955.25
3999.22
4031.12
3986.17
3987.76
3983.74
3955.8
4039.92
4040.91
3988.7
4017.76
4011.56
4043.61
3969.45
3967.56
3993.65
4024.59
4007.55
3989.04
4028.75
3963.74
3996.36
4009.92
3978.15
3983.05
3950.76
4026.05
4014.55
3961.79
3997.99
4016.14
4034.59
3968.7
4009.25
4029.28
4005.46
3925.81
4018
4043.1
4016.43
3982.56
4015.73
3970.75
4018.07
4016.62
4044.98
3980.19
3979.88
4001.78
3973.97
3939.44
4001.02
3983.63
4039.57
4018.63
4014.22
4006.11
4006.68
4023.77
3978.87
4025.71
3956.98
4014.14
4010.37
3952.55
4009.22
3983.76
4004.93
4035.07
3987.56
3987.48
4012.61
3999.79
4035.83
4003.34
4021.21
4000
3984
3998.27
3949.99
3964.82
4017.25
3993.35
4024.07
3984.83
4032.94
3930.77
3981.49
3972.63
4007.76
4008.96
4033.59
3985.54
4013.49
3990.65
4001.35
4004.45
3998.38
4029.91
4014.78
3999.6
3989.48
4011.28
4000.87
4026.04
3979.09
3983.99
3983.87
3993.76
4010.15
4007.62
4003.38
3959.4
4002.99
4000.06
4001.63
3968.94
3968.23
3999.18
3984.92
4022.97
4003.38
3983.33
3955.58
3953.69
3988.73
3932.32
4021.32
4041.77
4023.9
3994.23
4037.38
4019.92
3963.13
4026.71
3960.19
4006
4006.34
4000.05
4010.21
3996.42
4018.71
4046.19
4001.58
4009.12
4023.87
4037.8
4063.47
4007.26
3981.59
3977.54
3971.06
4058.14
3984.01
4024.36
3969.04
3987.16
3968.47
3957.05
4016.95
3997.14
3994.21
3966.06
3978.91
3953.7
4008.97
3997.83
4031.93
4008.74
4025.23
4030.3
3997.24
4055.35
3977.99
4008.42
4022.92
4008.84
4024.9
4012.39
3971.9
4029.84
4038.93
4031.22
3978.75
4014.68
3992.87
3992.05
3996.83
4004.94
3987.97
3963.78
4000.09
4024.9
4031.28
3955.9
4022.36
4001.55
3938.42
4023.98
4000.36
3986.86
3987.15
3994.6
4004.13
4004.07
4014.48
3962.31
4059.14
3958.86
4017.66
4017.87
3996.36
4013.81
3960.86
3972.36
4017.57
3947.8
3978.45
4041.36
4002.31
3963.39
3991.12
3951.55
3981.93
3994.79
3994.27
4005.04
4005.31
3971.39
4019.19
4028.36
4001.11
3961.49
3974.18
4011.69
3971.8
3981.05
3979.91
4006.29
4012.92
3994.94
3977.77
4028.91
3995.46
3961.24
4020.14
3992.48
4002.73
4014.6
4008.56
4020.51
4001.92
3944.85
4057.32
3965.41
3991.63
3994.04
3992.7
4049.54
4006.86
3963.5
4006.49
4012.76
4009.58
4019.42
3978.35
3950.25
3954.11
4013.8
4009.11
3993.47
4003.37
3942.77
3982.11
3988.6
3950.24
3994.81
3959.72
3965.03
3986.98
4016.64
4002.86
3990.05
4021.53
3997.48
4011.87
4014
4000.76
4037.62
4017.27
3975.4
3984.77
3960.35
3996.85
4061.79
3960.51
3991.78
3964.35
3992.46
3963.86
3999.35
3981.87
4019.14
3949.76
4013.95
3969.24
3984.24
4007.56
4006.03
4024.71
4014.09
4059.93
4003.07
4004.26
3982.84
4031.43
4055.57
3983.49
3969.86
4033.26
3984.01
3983.35
4034.98
3960.14
3989.94
4019.15
3964.91
3938.27
3983.74
3981.58
3988.18
4021.43
3998.26
4020.37
4007.53
4029.53
4013.21
4047.88
3993.39
3998.56
4007.14
4012.08
3966.12
3971.37
4032.88
4002.96
3990.78
4020.01
4015.42
3980.15
4053.3
4011.05
3984.2
4003.73
3983.17
4030.87
4044.44
4032.65
4010.53
3927.24
4027.74
3981.33
3939.57
4014.73
4024.74
3953.16
3996.48
4001.44
4019.61
4017.86
4025.2
4036.33
4039.94
3987.89
3947.16
4019.26
3964.19
3976.06
4017.74
3968.57
3975.59
3952.76
3977.68
3969.95
4002.89
3996.12
4007.68
4004.91
4004.95
3985.23
4033.07
4013.47
3958.13
4026.88
4088.13
4010.89
4010.37
4027.87
3984.97
4058.37
3962.45
4026.34
4009.6
4000.42
3978.33
4010.72
4049.19
3983.13
3962.42
4043.18
4024.29
3999.19
4000.11
4050.34
3992.12
3975.78
3964.45
4010.96
4061.08
3970.94
3983.46
3946.14
3991.29
3998.35
3991.44
3975.23
4024.09
4014.67
3980.69
4039.33
4040.06
4016.67
4032.73
4017.03
4000.85
3944.05
3986.2
4013.27
3948.94
4027.87
3969.18
4007.72
4055.38
4059.92
3974.21
3998.61
4022.79
3998.73
3995.97
3987.03
3987.98
4015.23
4023.41
4006.29
4014.44
4022.19
4004.22
4014.28
3999.06
3978.85
3974.75
3991.92
4023.95
4024.2
4005.87
4040.69
4004.4
4017.32
4046.93
3956.63
3971.21
3961.99
3992.73
3992.7
4003.56
3980.42
4010.16
3955.6
4029.88
4011.15
4013.44
3991.94
4014.4
4025.46
4008.37
3992.8
3994.07
4022.36
3928.85
3979.89
3981.44
4000.39
4039.68
3983.4
3975.97
3979.44
4012.81
3987.61
3983.65
4034.57
3977.99
4012.23
3965.7
4024.56
4005.01
4041.14
3964.14
3983.27
3945.87
4012.9
3987.64
4004.64
4008.48
3926.19
3964.11
3985.1
3969.52
3929.88
4044.16
3974.07
3988.07
4006.49
4033.84
4022.1
4023.82
3982.91
4037.32
4019
4032.58
3955.15
4027.1
3999.16
3986.84
4000.14
3999.53
4007.91
3991.04
3968.86
4016.99
3995.03
4011.21
4002.64
4018.02
3997.07
3982.4
4003.42
4034.95
3993.2
4019.58
3962.91
3999.18
4017.59
3962.44
4033.93
3964.48
4002.42
4050.01
3987.93
4017.76
3964.84
3955.44
4053.63
4013.29
3985.9
3979.53
3991.2
3993.47
4011.03
3998.72
4013.89
4002.22
4011.66
3941.76
4058.88
3993.61
3996.65
4009.71
3997.12
4019.53
3956.65
3974.78
4018.6
3970.73
3969.71
4035.75
4000.65
4001.94
4008.73
3980.22
4033.7
3972.26
4011.52
4039.95
4035
4050.84
3978.33
3981.49
4040.63
3980.08
3980.31
3989.01
3993.92
4012.93
4003.34
4016.87
3978.99
3940.22
4003.25
3975.78
3996.76
3974.46
3997.61
3978.72
4009.87
4050.28
4011.78
4018.48
3995.2
3993.26
4036.75
3977.23
3948.54
4001.07
3974.56
3984.81
3966.35
4002.99
3992.15
3986.57
3966.21
4009.8
3987.86
3993.23
4039.59
3993.7
4025.27
4042.16
3951.34
3969.36
3974.54
3973.5
4001.12
4023.24
3949.28
3981.84
3999.45
4013.5
4025.09
3965.37
3955.65
4005.21
4037.65
4017.89
3983.87
4020.73
3997.86
4036.37
4010.66
3960.32
3982.14
3976.47
3982.13
3982.07
4018.29
4022.95
3979.53
4005.13
4012.79
4042.69
3999.66
3990.96
4004.08
3998.63
3994.71
3968.58
3990.06
3998.46
4005.18
3949.01
4005.22
4001.32
4002.75
3973.53
4002.07
4005.28
4011.7
4007.42
4016.11
3969.04
4017.1
3985.07
3999.33
3992.64
4030.32
4019.22
3952.39
3979.44
4032.84
3999.38
4001.26
4011.09
3984.53
4026.42
3989.62
3985.45
3981.37
3980.71
4016.97
4030.08
3972.19
4009.12
4002.07
3988.83
3989.14
3996.11
4000.04
3932.4
3994.09
3995.52
4011.74
3957.74
4029.95
3969.92
4020.83
4028.81
4001.37
3958.93
3991.94
4010.8
4006.95
4037.58
3947.17
3982.77
4006.98
4013.93
3930.69
3991.58
4003.12
4004.6
4003.52
3960.93
3982.9
4050.01
4034.75
4007.33
3997.43
3973.17
4045.22
3998.97
4023.54
3984
4020.33
3995.29
3966.42
3995.93
4018.94
3990.95
4029.02
4001.28
4024.46
4014.62
3990.64
4011.55
4015.92
4007.22
3975.42
4006.99
3979.43
3992.11
4004.51
4024.93
3964.93
4018.3
4013.81
4017
3999.25
4014.79
4039.72
3989.68
4036.64
4015.9
3997.14
3965.11
3963.81
4022.26
4003.91
3966.02
4017.98
3952.44
4062.77
4006.71
4006.08
3964.78
4006.37
4003.16
4036.52
4001.2
4035.54
3988.42
3977.84
3996.72
3997.37
3982.92
3977.93
3971.12
4015.97
4022.07
4002.62
3986.96
3973.82
3970.06
3977.01
4005.61
3928.97
4013.66
4017.09
3999
3985.95
3997.34
4011.1
4015.04
3965.49
4000.37
4003.35
4044.06
4012.24
3973.25
4013.21
4001.56
4028.38
3987.47
3973.53
3991.9
4044.2
3983.8
3963.12
3984.39
3999.85
4002.8
3968.27
4049.34
3981.83
4027.56
3967.56
3982.8
3999.79
4016.51
3980.17
3991.48
4047.51
4017.71
4007.28
3967.07
4031.42
4015.58
3962.68
4032.45
4014
3998.26
4023.02
4022.05
3979.78
4009.29
3991.16
3999.75
4047.45
3965.66
4024.31
4032.28
3986.09
3983.13
3986.75
3995.56
4063.75
3991.3
3988
3997.24
3969.54
4004.25
3969.33
3980.5
3994.09
4024.94
4003.23
4004.39
3979.68
3980.54
3995.08
3986.15
4065.84
3983.25
4001.35
4012.96
3991.19
4022.54
3991.62
4003.34
3994.82
4011.35
3982.9
3984.33
4009.16
4046.4
3998.28
4044.09
4048.63
3984.17
4080.22
3997.21
4014.31
3989.4
4004.72
3988.87
3968
4038.28
3972.1
3978.08
4014.16
4054.82
3952.48
3954.41
4002.64
3984.08
4001.06
4042.91
3997.85
3984.04
3971.08
3991.7
4043.55
4028.37
4043.93
3995.9
4023.7
3983.74
3980.73
3992.58
4031.96
4002.07
4001.3
4003.97
3994.38
3981.59
4021.92
4002.54
3987.77
3963.39
4010.4
4032.81
3979.74
4037.73
4029.29
3973.47
4005.62
3953.04
3956.07
3982.06
3986.69
4010.09
3981.89
4033.17
3995.72
4051.04
3973.37
4025.82
3972.59
4040.23
3983.64
4040.52
3995.39
3976.52
3986.16
3990.38
3994.31
4023.94
4025.44
4014.19
4014.6
3944.84
4015.33
4007.67
4015
3995.56
3957.45
4056.69
3969.42
4048.98
4051.96
4014.2
4038.11
3952
4005.51
3991.08
3988.12
4021.97
4005.93
3986.72
3979.28
3993.42
4040.45
3992.88
4034.3
4018.92
4071.92
4011.74
3997.96
3954.54
3999.23
3984.08
3984.24
3997.89
4030.32
4018.48
3950.27
4012.41
4025.9
4014.06
3963.7
3988.02
4004.14
4020.8
3977.07
3997.52
4025.13
3985.88
4013.44
3977.42
4026.87
3975.33
4024.37
4018.07
4018.55
3995.37
4029.27
4049.19
3989.85
3969.26
4010.41
3991.12
3964.9
3994.78
3990.53
3992.73
4004.54
3992.4
3968.61
4012.28
3975.19
4027.45
3987.51
4003.88
3995.43
4012.29
3986.97
3999.38
3975.21
3994.85
3995.07
3968.95
3981.65
4012.86
4015.29
3952.44
3995.03
4001.71
3974.46
4018.75
3994.23
3941.9
3976.86
4014.5
4018.43
3963.83
4002.27
4055.27
3981.21
3987.89
3987.82
4012.27
3986.59
3999.62
3968.47
4030.73
4003.9
3970.54
4043.42
4001.38
4005.2
3987.27
3997.88
3977.57
4031.92
4025.6
3985.04
4006.8
4012.44
4042.21
3989.72
4059.31
4015.62
3984.35
3980.71
3990.98
3949.07
3965.78
3976.17
4052
3989.18
4009.75
3993.67
4028.27
4023.17
3987.2
4015.94
4015.71
4010.28
4024.9
3952.22
4006.48
4009.34
3996.99
3998.8
4008.73
3976.44
3979.97
4015.15
3996.7
3979.27
4016.51
3952.97
4030.47
3976.96
3994.91
4000.61
3987.69
3984.3
3980.79
4060.75
4028.32
3938.46
3996.56
3996.68
3984.69
4016.86
3984.05
4010.93
3994.74
3994.82
4003.25
3990.74
4010.33
3987.76
3952.89
3956.2
4043.13
4002.43
4013.28
3996.06
3967.24
3973
3982.33
4029.85
4006.67
3976.1
4016.46
4024.92
4013.21
3979.46
3998.78
3963.12
4011.26
4023.46
3987.84
4020.42
3972.36
3950.88
4027.12
4033.35
3990.18
3961.86
3997.24
3988.49
3973.44
3970.59
4007.73
4002.76
3965.01
4030.3
4013.25
4043.93
4008.41
4005.88
3976.95
4019.27
3968.43
3977.24
4007.06
4032.87
3978.49
4022.94
4033.59
4021.14
4009.78
4021.06
4056.03
4002.37
3960.01
3956.08
4026.32
4023.1
4017.58
3992.25
3989.1
3960.39
3994.42
3979.68
4043.57
4024.36
4011.24
3956.44
3964.11
3964.62
4031.8
3989.7
4052.91
4067.37
4016.48
3991.75
3941.67
4033.27
3977.48
4009.16
4056.9
3988.54
4009.51
4001.62
3989.46
4044.87
4035.1
4032.84
3938.11
4021.46
3985.16
3991.88
3999.81
3980.98
4026.45
4005.35
3994.62
3990.34
3976.45
3959.31
4012.52
4007.58
3947.2
3976.84
4026.32
4007.68
3972.97
3952.81
4007.07
3996.9
4004.54
3984.04
4007.04
4005.51
4010.53
4009.02
3987.16
4007.01
4031.37
3960.56
3952.29
3952.35
4018.32
4020.95
3955.23
3978.69
3997.43
4015.96
4001.71
4044.04
3995.81
3952.33
3988.74
4000.9
3984.66
3984.93
4010.34
4032.15
3981.98
3996.89
3974.62
4002.97
4014.16
4017.32
3978.6
4001.58
4022.77
3993.49
4046.4
3954.11
4018.02
3912.02
4032.82
4047.14
3963.68
4040.06
4011.46
3937.16
3945.56
3975.24
4023.5
3991.19
3977.09
4045.91
3985.4
4025.77
3980.04
4005.39
4044.51
4014.63
3988.24
4024.46
4008.27
3997.8
3993.12
3962.26
3987.09
3990.92
3973.21
4033.18
3960.63
3984.2
4019.61
3976.28
4031.72
3985.68
3985.4
4005.37
4012.27
4000.86
4017.64
4010.66
3964.77
4031.42
4003.37
3999.68
3963.26
4054.11
3997.09
4010.11
3965.89
4000.98
3987.16
3982.64
3974.59
4032.48
3985.19
4000.72
4000.17
3964.79
3991.79
4028.19
4031.4
4038.49
4008.78
3999.45
3996.86
4012.64
4034.38
3951.36
3998.61
4035.42
4025.51
4031.51
4015.46
4016.65
4036.62
3987.42
4045.05
4015.3
4025.9
4042.52
4021.33
4009.81
3956.38
3965.89
4047.77
3976.69
4035.47
4009.08
3964.93
3978.69
4036.7
3995.34
3991.61
3982.45
3963.3
4016.43
4017.7
4030.41
4054.11
3968.12
4021.11
3984.77
3965.81
3948.91
4008.17
3954.27
3989.66
4005.48
4027.04
3994.19
4033.46
4000.87
3996.23
4007.91
3990.88
3999.87
4046.36
4012.98
4035.16
3999.91
3974.8
3986.16
3987.05
3986.69
4007.45
3982.02
4015.2
4002.4
4007.92
3976.92
3954.72
3963.96
3960.09
3957.11
3999.37
3995.51
4006.06
3950.66
4012.25
3985.61
3957.69
3976.84
4040.07
3971.12
4017.57
3984.62
3993.85
4010.53
4012.69
4038.9
3989.21
4011.37
4024.71
4001.94
3994.61
3975
4016.37
3981.49
4039.98
4006.84
3993.2
4012.23
4005.17
4012.77
4022.27
3974.56
4024.32
3985.29
3996.46
4001.55
3989.06
3942.35
3940.38
3955.54
3993.35
4025.27
3973.77
4005.73
3976.86
4031.75
3996.81
4012.59
3987.56
3970.96
3999.88
3988.07
4001.07
3991.05
3999.57
4003.58
3982.04
3956.44
4018.51
4015.6
4002.69
4042.39
3985.5
3993.42
3972.42
4013.23
3966.19
3957.96
3998.26
4021.3
3991.25
4043.72
3933.61
4027.29
3965.14
4048.36
4015
3973.92
4026.42
3990.96
3991.85
3999.31
4023.19
4033.32
3975.69
3993.45
3972.62
4026.56
4015.34
4002.53
3980.6
3979.47
3990.71
3937.25
3969.45
4025.94
3987.69
3953.53
4006.45
4032.62
3990.57
3994.12
4008.86
4009.12
3966.75
3996.59
4010.44
3982.9
3984.87
4007.83
3998.75
4014
3963.39
4020.4
4031.5
3987.65
4005.25
4010.49
4001.14
3990.6
3987.68
3999.8
4003.5
3999.74
4003.01
3996.92
3975.31
3997.78
4007.4
4020.62
4025.61
3991.96
4028.52
3975.96
4035.25
3976.99
4014.52
4013.99
4049.9
3970.29
4005.08
3992.02
4010.84
4021.71
4021
3974.48
4021.85
3995.68
3999.74
3989.1
3998.21
4003.08
3992.87
3970.06
3953.38
3959.83
4057.64
4025.04
4031.9
4022.86
4030.15
3987.51
4003.87
4019.04
3944.68
3982.12
3957.12
3975.63
3982.39
4022.26
4022.42
3975.93
3993.93
3964.69
3983.43
4002.58
4037.91
hybrid programming: 654397593
hybrid programming: 661326109
hybrid programming: 658536052
hybrid programming: 653936201
hybrid programming: 661257450
hybrid programming: 660376510
hybrid programming: 658709014
hybrid programming: 663513540
