4045.53
3911.79
4023.16
3965.78
3986.72
3988.33
3952.13
3970.84
3994.84
4048.56
3992.2
4033.02
3962.69
3982.05
4013.32
4054.32
3935.67
3983.9
4009.17
3955.85
3986.67
3930.61
3981.63
4008.93
4029.95
3995.56
4014.11
3992.24
3989.78
3993.12
4014.23
3990.49
4007.53
3998.54
3965.58
3988.45
3978.07
4034.8
4041.67
4041.58
3991.04
4025.72
3971.54
3962.04
3992.18
3982.79
3988.63
3981.47
4010.63
4017.37
3942.06
4012.41
3996.01
3967.21
4014.95
4042.89
3996.46
3991.77
4010.65
3960.74
3957.24
4014.29
4053.96
4013.03
4045.89
4011.67
3982.4
4020.14
3964.16
4005.35
4041.94
3999.43
4024.56
3954.29
4071.56
3975.26
3997.34
4029.97
4018.45
4010.93
3979.02
3963.42
4011.31
3981.5
4010.51
4013.2
4003.59
4003.97
3981.36
3995.05
3979.36
4013.03
4019.09
3976.46
3976.86
3975.89
4035.64
3982.28
4040.24
4015.17
3990.33
4004.24
4011.77
4033.18
4009.82
3992.05
4015.29
4001.18
4006.24
3994.63
4063.62
3954.07
3984.69
3991.88
3991.91
4013.2
4011.61
3987.97
4012.42
3991.24
4021.05
4034.03
3989.95
4010.71
4024.06
3972.64
4009.76
3968.7
3980.78
3972.53
3959.74
3993.1
3992.34
4007.87
4005.35
4014.91
4021.28
4001.71
3935.48
4015.66
3993.99
3959.01
3979.03
4046.89
3998.58
3971.72
4016.42
3996.28
3994.41
3980.81
4027.18
4040.32
4028.26
4012.49
4021.26
4005.93
3982.29
3990.21
4053.2
3969.73
4025
4026
3974.62
4026.97
3996.85
4045.32
3986.55
3982.7
3991.33
4015.06
4038.65
4031.72
3918.62
4015.78
4000.35
3945.6
3973.06
3992.3
3979.93
3988.29
3988.41
4001.67
4007.97
3989.87
3966.29
4012.1
4009.79
4024.91
3977.01
4043.23
3969.75
4018.31
3937.25
3963.8
4034.76
3974.95
3980.59
4090.15
4030.04
4005.32
4001.83
3994.31
4002.64
3984.64
3981.36
4016
4027.58
3982.61
4008.32
3991.99
4012.37
4010.71
4018.44
3984.77
4015.15
4012.06
3974.11
4011.73
3972.75
4007.5
4050.84
4019.62
3970.61
4008.59
3992.35
3999.63
4063.88
3961.93
4019.04
3966
4032.64
3988.01
4027.8
4015.13
3922.59
4034.88
4031.52
4017.72
3971.28
3977.18
4041.95
3994.33
4029.34
3995.83
4011.6
4024.1
3955.29
3996.87
4013.36
4000.81
4041.87
4072.94
3998.09
3966.26
3978.08
3966.18
3996.01
4011.21
4015.8
4018.08
3963.78
3973.15
3979.46
4018.88
4035.09
3994.2
4013.43
3994.34
3996.69
4014.8
4002.85
4011.3
3968.35
4001.41
4002.37
4020.77
4003.69
3983.08
3964.79
4011.87
3989.39
3971.61
4022.18
3980.01
3978.03
4026.11
4002.06
4001.39
3992.34
4044.01
4026.11
3996.33
3996.95
4025.66
4058.73
4035.27
3996.14
4010.47
4036.38
3963.59
4027.11
4019.82
4013.93
4031.36
3988.93
3988.34
4009.95
3977.34
3988.66
4026.28
3988.39
4004.08
4017.14
3991.77
3975.27
3962.62
3980.37
3946.84
3950.7
3987.65
3996.78
4020.75
3997.34
4009.93
3982.09
3986.44
4023.7
4011.94
4007.74
3978.68
4018.53
3992.16
3981.59
3977.14
4003.21
4023.97
3954.4
3937.82
3978.05
3992.3
3972.85
3953.3
3987.57
3979.69
4055.32
3993.79
4002.03
4016.57
3988.86
3992.27
4040.81
3957.33
4009.57
4009.31
3975.2
3989.55
4015.01
4030.72
4037.27
3962.92
4010.47
3969.26
3979.42
3984.77
4025.73
4019.05
3989.29
3970.65
3982.97
4001.85
3983.82
4001.64
3975.21
4009.83
4005.68
3957.32
4017
3988.99
3989.1
3995.23
3974.89
3969.06
4030.26
4025.92
4012.21
3982.73
4064.85
3991.83
4033.59
3958.7
4003.7
4027.14
4012.07
4015.53
3944.98
3968.66
3913.38
4005.78
3991.79
3947.16
3977.45
4036.02
4015.27
4016.61
3965.76
3984.9
3994.08
3964.03
4044.74
4014.12
3981.01
4066.8
4053.11
4026.93
3961.79
4006.92
3958.86
4076.42
3988.54
4015.61
4005.29
4000.63
4051.7
3988.05
4030.32
3940.82
3989.81
4003.23
3992.11
3999.8
4008.29
4014.6
4041.74
4020.86
3977.04
4026.3
3957.62
4032.87
4000.03
3966.57
3964.11
4024.93
4027.57
3982.54
4005.7
3972.79
4005.77
3994.88
3996.11
3994.67
3989.04
3996.73
4026.24
3995.72
4021.91
4010.42
3998.95
4057.19
4032.96
4016.36
4029.84
3967.3
3982.44
3966.51
4019.32
4041.76
4025.06
3978.78
4003.39
3973.27
3986.1
4016.9
3979.48
3999.25
4030.6
3982.66
3982.36
3977.77
4029.67
3988.85
3988.96
4018
4023.39
3991.89
4002.21
4002.67
3971.4
4005.44
3980.97
3994.32
4018.75
4015.78
3991
3995.03
3996.63
3971.46
3961.23
4025.22
3987.79
3984.71
4004.61
4026.11
4002.76
3980.8
4011.06
4003.37
4054.4
4025.89
4003.94
4003.4
3971.46
3982.16
4010.37
4006.04
3980.48
3942.84
4011.63
3996.83
4008.5
4019.64
3973.93
4033.98
4011.75
4069.95
4011.85
4021.45
3962.97
3920.79
3986.41
3993.04
3990.95
3951.83
4008.31
4036.73
4024.32
3974.99
3974.75
3991.33
4000.93
4030.81
4016
4014.53
3967.55
3990.67
4051.79
4003.16
4017.38
3994.19
3970.14
3980.26
3989.13
4006.86
3951.31
4037.64
3983.5
3982.93
3971.16
3980.15
4010.57
3987.94
4079.72
4015.37
3991.52
4024.12
3975.34
4018.78
4028.55
3989.47
3963.47
4000.09
4008.84
4041.27
3979.36
4000.9
4018.28
4013.74
4009.03
4038.12
4029.67
3986.16
4032.14
3993.59
3990.57
3999.19
4052.89
3996.44
4043.4
4015.44
3971.37
4013.18
3991.03
4031.27
4007.12
3991.23
3989.67
4003.74
3984.98
4002.94
3960.65
3964.43
4030.95
3951.57
3980.47
4038.65
4037.86
3968.1
4005.4
3987.07
3961.54
3960.98
4032.38
4024.13
3972.4
4018.95
4029.35
3995.66
3994.9
3948.17
3994.01
4053.53
4020.27
3982.12
4034.28
4064.23
4040.19
4003.76
4013.25
3995.98
3996.27
3991.63
3992.15
4004.96
4005.03
4047.56
3962.05
4030.39
4005.25
3984.03
3965.26
4029.19
3981.84
3992.71
4002.92
3967.34
4018.1
3987.62
4005.11
4003.17
3987.19
3950.75
3975.74
4002.02
4001.48
4032.37
4000.7
4049.08
4006.11
4011.32
3985.75
3997.04
3995.79
4012.81
3970.09
3962.5
4019.08
3974.39
4042.52
4046.18
3998.81
4014.19
3994.95
4035.7
4009.49
4030.73
4005.42
3987.5
3973.41
4059.23
3956.97
3975.02
4030.74
4026.55
3955.71
3994.05
3962.48
3994.33
3946.34
4009.96
4022.19
3948.26
3993.95
4013.18
3937.83
4025.06
3989.71
4016.48
4041.62
3986.56
3964.4
3970.34
4041.22
4004.18
4018.05
4011.06
4023.16
4025.73
4016.46
4026.17
3942.38
3983.53
3996.66
4036.51
4009.21
3958.19
3985.73
3985.89
4029.43
4027.94
4030.87
3995.27
3969.96
3990.11
3985.15
3954.9
4020.97
4045.58
4043.23
4017.19
4006.93
3985.28
4004.56
4000.55
3975.52
4068.23
3973.45
3983.98
4021.91
3991.96
4023.37
3957.43
3995.92
4013.28
4021.8
4004.49
3943.34
4019.93
3956.97
4008.52
3939.97
3981.23
3970.6
3984.93
4015.61
4027.33
4014.81
3989.21
3996.9
4010.88
4002.72
3955.11
3961.61
3963.42
4009.2
4000.83
3983.26
4011.53
3960.55
4022.22
3963.37
4018.13
4051.44
4022.95
3987.02
3978.46
4035.55
3966.55
4001.71
4027.99
4015.19
4002.95
3945.65
4011.33
3950.03
3987.86
4040.92
4007.66
4056.06
4003.5
4036.74
4000.32
3973.47
3958.97
3966.12
4005.75
4001.73
4013.41
3965.33
4036.11
3988.55
3997.65
4002.01
4013.71
3956.3
3999.27
4024.64
3991.8
4007.24
3993.91
4026.16
4025.57
4011.81
4006.92
4016.74
3964.02
3975.08
4038.74
4026.54
4015.7
3972.52
4011.71
4012.63
4024.61
3987.11
4052.96
3993.58
3965.47
3952.59
3977.28
3968.35
3967.12
4015.72
3966.24
4010.98
3948.29
3974.15
4054.86
4016.34
3968.37
4007.83
3969.1
3958.43
3978.56
3970.29
4011.84
3984.15
3985
3948.3
4017.97
4008.69
4024.88
4004.86
3934.76
4021.22
3997.19
3968.76
3987.21
3992.7
4019.66
3993.95
3994.28
4000.82
4016.1
3967.68
4020.06
4016.08
3994.59
4015.57
4019.61
4016.76
4050.98
4004.99
3986.9
3995.24
3948.53
4024.62
3992.35
4028.2
3999.63
3998.03
4013.23
3983.2
4006.64
3959.69
3981.77
3994.13
4027.86
4019.58
3929.68
4052.91
3993.09
4005.55
3998.56
4012.41
3991.18
3999.04
4010.71
4009.12
4025.59
3992.73
3986.62
4007.51
3991.45
4028.23
4042.44
4023.83
3952.53
4025.9
4028.05
4046.97
3988.38
3969.34
3966.4
4026.01
4029.33
3974.5
4033.44
4028.57
3986.06
3990.11
3987.22
3999.6
4024.7
3967.93
3967.21
4042.4
3976.92
3995.54
4037.39
4014.25
3968.94
3960.37
3977.47
4023.88
4031.35
3996.45
4010.03
3995.73
4032.97
4027.51
4026.11
3999.15
4047.28
4019.41
3957.08
3980.56
3990.46
3965.36
4013.06
4010.98
3989.32
4015.12
4027.98
4003
4020.7
3977.76
3970.93
4024.17
4012.83
3945.31
3954.74
3987.99
3983.93
4017.38
4029.58
3997.02
3940.46
4045.52
4034.58
3990.27
3990.44
4021.38
4010.98
3960.3
4007.08
3992.25
3996.16
3946.96
4004.36
4002.9
3959.23
3956.21
3975.86
4008.86
3996.1
4038.69
3991.42
4018.69
4074.68
4015
3997.67
4012.01
3969.86
3969.41
4016.59
4007.52
3976.84
3985.14
4011.64
4000.62
3993.18
4020.91
3989.95
3971.78
3987.94
4029.96
3971.52
3983.45
3994.18
3991.61
4005.23
4018.52
4012.87
3992.26
4008.58
4029.43
4009.29
3991.77
3999.67
3985.6
3993.58
4003.57
4022.02
3988.2
4016.29
4004.04
4025.33
3991.44
4011.65
3982.98
3976.1
4043.68
4041.31
4011
3996.69
3997.05
3983.24
4000.2
4034.64
3975.29
3995.71
3988.24
4019.75
4012.33
3996.74
3979.44
3989.21
4046.33
4011.22
3977.69
3981.48
3968.72
3984.35
3985.9
3983.4
4030.82
3972.43
3996.83
4004.32
3982.5
4031.06
3970.42
3950.94
3996.39
4022.57
3989.3
4009.91
4042.04
4003.35
4024.02
3969.75
3980.92
4020.07
3964.57
4090.11
4020.55
3987.38
3986.12
3969.25
4022.52
3995.12
3993.4
4011.68
4053.15
4034.29
4015.17
3986.54
4032.46
4006.72
4045.4
4033.53
3995
4029.47
4016.49
3978.33
4008.38
3971.59
3989.23
4020.41
4034.97
4071.57
4049.53
4039.2
4033.15
3968.87
3997.66
3989.03
3981.61
3982.46
3995.86
3994.18
3990.68
3972.35
3995.07
4012.05
4008.15
4014.64
4016.12
3985.55
4001.46
4007.69
3993.88
3973.56
4008.2
4005.54
3967.74
4004.26
4004.71
3975.5
4003.58
4037.82
3951.91
3921.06
3977.14
4045.49
3994.29
3982.35
3969.67
4012.56
3998.13
4005.57
4031.99
3994.22
3981.95
3934.36
3982.85
3991.87
3991.54
3959.94
4002.81
4008.74
3998.03
3986.65
4012.95
3962.72
4027.28
3987.68
3951.68
4034.76
4023.32
3983.58
3992.17
4010.27
4000.82
3997.77
4035.2
3987.41
4011.43
3978.72
4046.09
4011.16
4033.92
3939.6
3965.52
3982.44
3995.84
4038.25
4029.04
4020.15
3997.35
3967.76
3994.99
3987.42
3985.92
3967.69
3947.05
4008.34
4006.76
3993.55
3994.6
3995.48
4050.5
3994.93
3997.95
4020.52
3997.35
3998.53
3981.36
3993
4008.69
3988.28
3957.6
4027.06
4007.17
3978.88
4015.97
3941.63
3968.62
4040.1
4005.74
4036.73
3970.61
3975.02
4026.22
4055.23
4054.64
3985.04
3977.66
4020.93
3988.7
4016.22
3970.67
4016.53
4029
4019.88
3999.21
4056.96
4022.93
3982.57
4048.29
4001
3967.92
3963.19
4057.46
4026.44
4016.78
4003.66
3968.27
3992.93
3992.43
4023.46
3961.48
4028.1
4026.69
4009.44
4016.62
3983.01
4007.59
3999.69
4000.04
4001.74
4044.26
4006.41
4029.65
4029
3996.32
3994.36
4029.12
4035.69
3989.87
3959.82
3964.8
3990.16
3948.81
3967.03
3994.3
4070.34
3983.03
4066.96
3990.55
3981.17
3997.07
4023.37
3988.55
4011.35
4007.38
4047.15
3998.71
3986.22
4002.93
3987.41
3970.51
3970.46
3982.98
4043.98
3981.39
4038.42
3999.66
3951.76
3982.34
3990.24
3981.85
4010.42
3976.57
4011.6
4023.03
3981.09
4039.77
4006.76
4019.84
3963.25
3962.75
4006
4016.54
3995.03
3992.83
4040.89
3961.97
4024.54
3962.17
3984.91
4013.32
4042.06
3992.3
3980.23
4022.27
4023.93
4027.37
3973.83
3968.4
4020.02
4024.77
3969.38
4030.32
4015.32
4032.15
4001.31
3973.77
3995.6
4007.16
4007.83
3998.68
4005.73
3997.71
4008.91
4005.29
3957.2
3979.43
3972.02
3971.1
3976.12
3981.33
3995.11
3986.23
3974.83
3986.4
4030.96
4013.81
4034.79
4024.38
4034.16
3984.05
4024.41
4000.96
4020.75
3960.44
4044
3978.09
3961.91
4012.19
4003.04
3953.56
4015.55
4001.77
4031.39
4031.71
3974.2
3961.07
3972.07
3978.69
4021.81
3974.6
4009.61
4073.76
3963.28
3981.65
3941.76
3973.04
3989.19
4011.74
4000.71
4058.91
3981.44
3977.21
4030.05
3985.34
3977.38
3963.98
3965.37
3985.26
3952.07
4015.55
4067.02
3980.79
4011.54
4031.65
3948.29
3982.54
4000.07
3978.39
4008.13
4038
4014.51
3962.93
3986.43
3983.83
4063.2
4021.73
4015.82
4017.79
4023.87
4016.6
4026.51
4033.5
3981.66
4023.89
3982.85
4054.41
4002.54
3985.63
4058.38
3965.36
4077.78
3997.02
3986.95
4002.18
4005.19
4004.15
4024.24
4021.24
4005.86
3990.5
4070.99
3975.8
4017.01
4042.44
4021.99
4018.12
3987.21
4031.07
3994.83
4011.28
4008.87
3972.22
3974.78
3966.23
3991.24
3977.6
3979.85
3938.51
3979.25
4053.27
3973.93
4021.41
3986.23
3985
3984.96
3994.81
3977.86
3993.29
4001.36
3985.55
3976.05
4020.47
4004.82
4047.07
3946.85
4033.17
4039.88
3966.5
4021.93
4014.7
4011.09
4001.27
3961.76
4004.15
3996.65
4045.07
3998.27
4004.19
4005.34
3968.81
4005.04
3968.22
3974.62
4009.7
4006.89
3993.81
3957.88
3988.36
4035.13
3986.81
4000.09
3985.27
3992.86
4013.11
3992.75
4045.31
3990.87
4036.04
4014.05
3956.03
3974.88
3982.03
3986.09
4024.18
3968.31
3982.41
3984.07
4035.47
3996.19
3978.88
4044.56
4028.48
3970.89
4046.19
4028.31
4011.64
3961.82
3993.03
3965.69
4046.7
3987.08
3933.91
4023.3
4024.09
4015.89
4013.18
3987.99
3990.48
3991.76
3999.77
3972.35
4029.26
4020.94
3981.21
3991
4014.77
3970.5
3999.34
3975.34
4029.1
4005.71
4000.24
4037.21
3997.51
3988.96
3989.08
4035.86
4041.62
4004.29
4012.94
3976.96
3932.93
4030.49
4045.92
3992.04
3981.35
3976.77
4009.78
3998.4
3979.37
3974.14
3995.71
3982.42
4010.01
4049.53
4036.57
3969.27
4036.79
3988.68
4004.23
3953.6
4036.74
4049.15
4037.26
3984.7
3960.29
4008.24
4032.7
3947.74
4039.15
4002.44
4010.85
3979.24
3984.78
3997.32
3930.99
4002.9
4042.92
3969.2
4003.89
4000.9
4032.78
3988.91
3977.81
4005.16
3934.64
4017.68
3961.26
3996.49
4015.96
4018.73
3985.21
3993.07
3973.79
4022.24
4044.6
4002.12
3995.45
4003.52
4003.7
3976.93
4019.67
3958.64
3955.23
3981.01
3989
3954.36
4039.47
4005.98
3977.11
3981.15
4013.53
4056.94
4015.14
3964.25
3978.08
3980.27
3996.09
3977.34
3977.28
4036.41
3953.7
4017.74
4041.31
4012.56
3935.3
4000.01
3994.43
3967.78
3972.6
3959.16
4015.08
4035.22
4063.35
4029.01
3954.55
4036.05
4039.5
4008.52
4003.1
4023.27
4000.79
4029.69
3983.7
3981.13
3981.05
3952.39
4008.77
4016.94
3936.28
3970.88
3968.98
3985.69
4005.19
4018.53
4010.71
4003.98
3974.62
3986.08
4038.2
3978.2
4019.69
3995.01
4032.84
4013.27
3984.57
4015.76
4006.52
4056.88
4024.99
4000.45
4017.4
4007.64
4019.22
4044.02
4016.95
3980.88
3927.13
4035.13
4003.18
4016.61
3989.01
4017.48
3973.27
3996.47
3982.13
4037.86
4019.63
3946.25
3989.73
4002.25
3938.85
4029.45
3979.57
3993.27
4025.45
3967.57
3999.74
3990.37
3984.4
3960.15
4017.74
3980.35
4062.9
3986.82
3971.89
3969.22
3992.31
3973.15
4028.86
3984.17
4013.57
4006.95
4005.61
4024.73
3988.32
3980.87
3997.81
4005.47
3967.97
3987.23
3981.97
3996.01
4009.25
3989.79
4000.89
3997.7
3978.78
3998.52
3936.95
4024.02
3962.66
4022.59
4000.06
3993.42
3998.56
3966.76
3973.19
3999.85
4004.33
3985.28
3984.56
3987.57
4003.1
3964.89
4038.1
3956.45
3943.67
3997.27
3998.01
4004.26
3999.64
3987.28
3998.13
4025.71
4023.41
4025.98
4027.13
3962.88
3999.91
3982.36
4020.06
4000.17
3988.75
3962.24
3980.68
4037.61
4039.12
4040.7
3997.1
4002.11
3999.89
4026.37
3951.66
4028.48
3987
3995.07
3999.08
4032.07
4025.47
3995.92
4013.06
3980.55
3976.32
3994.53
4034.3
4013.89
3974.66
4024.57
4008.02
3978.91
3988.81
3968.05
4013.63
3970.85
3986.3
4040.15
4061.84
3971.08
4013.15
4008.19
3984.07
3968.7
4050.39
3949.49
3966.46
4027.75
4072.53
3953.73
3995.35
3964.35
3991.02
4006.33
3998.43
4036.38
3995.68
4066.18
3950.93
4003.15
3983.28
4010.92
4016.08
3976.17
4024.86
4008.63
3963.47
3999.66
4017.58
3960.01
4021.14
4040.47
4011.96
3998.25
3963.34
4022.85
4003.82
3985.26
4037.31
3966.25
4008.41
3999.54
4026.26
4028.04
4007.3
4030.77
3978.34
4021.97
3974.36
3983.86
4001.83
3996.37
3972.39
4014.84
3935.05
3971.77
3996.42
4030.5
4008.38
4008.72
3994.93
4018.47
3979.85
4029.77
4003.02
3956.21
3968.82
3961.37
4020.65
3985.47
4051.02
4037.04
4026.54
4030.73
3950.72
4074.45
3970.03
3985.01
4048.54
4032.57
4005.44
3981.68
3992.53
3934.29
3982.66
4006.17
4010.8
4007.07
4039.54
4023.73
4000.01
4013.11
4009.07
3947.27
4006.75
4028.04
3965.99
4010.68
3997.23
4042.9
3998.84
4055.98
3961.39
4047.47
3968.06
4030.49
3967.67
3998.13
4035.56
4002.99
3979.98
3988.35
3980.7
4009.77
4042.9
4003.93
4013.02
3962.42
4012.59
3975.48
3973.51
3994.99
4033.19
4015.73
4020.09
4003.25
4023.32
3958.72
3978.1
3997.69
3986.72
4009.04
3978.01
3997.38
3994.31
3986.74
4000.44
3988.95
4012.05
4008.91
4023.09
4025.02
3937.63
3955.95
3991.8
4004.92
3970.76
3999.65
4017.74
4002.06
4013.92
3927.28
3982.91
4000.99
3919.26
4046.38
3984.91
4034.41
4027.19
3985.46
3986.31
4035.61
4007.39
3982.76
4018.08
4054.22
4006.73
3996.14
4040.43
3969.6
3974.29
3999.54
3992.66
4015.22
3999.18
3975.74
4000.97
4039.77
4022.82
3974.56
4002.61
4017.9
4003.98
4006.31
3980.35
4028.88
4015.24
3943.78
3973.19
4020.49
4008.33
3989.33
4004.8
3979.18
3976.45
3987.93
4011.29
3940.09
3998.86
3996.23
3967.99
3996.1
3967.66
4011.3
4004.35
3976.52
4039.2
4007.64
3970.55
3956.94
4011.2
3973.15
4057.48
3966.62
3968.41
3986.31
4019.97
3988.45
4000.23
3968.97
4019.47
3976.77
3996.69
3951.5
3998.8
3973.55
4020.81
4025.66
3952.96
3986.57
4026.39
3966.28
4003.6
4029.21
3966.07
3976.62
4023.19
4028.8
3988.65
3938.3
4024.72
3989.35
3951.97
4025.38
4009.38
3983.98
4025.01
4036.02
4013.88
4026.05
3963.89
3990.95
3995.61
3984.18
3975.25
3977.41
3988.89
4034.9
4010.71
3982.01
4011.25
4024.97
3992.91
4032.75
3974.08
4025.34
4029.13
4038.36
4012.09
4004.43
4006.04
4051.86
3957.6
3988.99
4034.13
4061.31
3999.2
3998.02
3954.27
3992.07
4033.87
3969.21
3984.26
4003.77
4034.28
3990.42
4038.84
3991.96
3998.6
3978.92
3994.72
4025.6
4000.53
3961.36
4041.47
3992.89
3993.7
4007.18
3952.27
4011.3
4006.37
4014.29
4000.8
3974.57
3998.61
3977.54
3969.29
4032.57
4002.27
3965.21
4021.09
4014.5
3955.37
4030.93
3994.94
4020.42
3999.68
3988.27
4042.87
4004.12
3993.2
3974.34
3981.44
3999.79
4033.54
3981.91
3969.1
3994.84
3999.45
3936.61
4038.53
4068.38
4005.09
4029.59
3951.91
4026.05
4019.93
3979.48
3991.79
3950.38
3963.21
3999.01
4058.7
4011
3999.41
4015.49
4005.37
3986.17
3994.28
3979.8
3997.34
3985.52
4003.92
4030.8
4009.6
4024.06
4007.81
3992.67
3977.17
4019.93
4007.6
4003.93
3989.86
4042.58
4001.97
3969
3994.86
3952.82
3974.25
4008.68
3962.23
4003.3
4007.84
3991.7
3983.37
3972.56
4001.94
3982.49
4007.13
4013.92
4056.38
4011
4053.05
4007.6
4033.73
3984.96
3955.69
3956.09
4009.84
3965.48
3978.69
4031.19
3969.82
3954.02
4015.86
3924.58
3977.84
3991.98
4028.25
3988.64
4029.48
3980.29
4044.4
3986.44
4004.87
3959.06
4043.01
3973.49
3988.31
4000.46
4026.45
3964.59
3995.7
3943.06
3997.12
3992.99
3978.85
4022.82
4004.14
3941.34
3971.62
3994.32
4061.32
3989.88
3972.25
3990.91
3981.98
3955.65
4038.27
3989.89
4042.27
3998.93
4034.52
3984.35
4005.4
3959.43
3971.78
3983.87
3971.55
3968.86
3995.1
3974.08
3979.26
3988.54
4023.59
3977.56
4003.22
4023.02
3985.37
4008.86
4029.64
4010.04
4003.03
3988
3987.99
3967.17
3986.53
4018.1
4031.29
4019.24
3970.24
3995.35
4022.99
3972.29
3986.54
4001.05
3950.98
3990.27
3994.57
4006.56
4020.43
3984.62
3993.26
3992.57
4008.2
3974.36
3967.35
4029.28
3993.96
3952.49
3995.59
4007.72
3965.57
3988.09
3957.3
3950.28
4025.32
4012.28
3946.03
4027.1
3950.76
4020.49
4019.39
3986.82
3988.88
4015.4
4043.51
3975.99
3971.4
4019.74
3976.94
4002.3
4007.43
4019.26
3957.54
4044.68
3987.21
4016.02
4003.56
4029.88
4007.29
3937.56
3978.61
4005.1
3985.86
3991.91
4022.61
4015.13
3997.28
4001.87
3949.61
4008.47
3961.35
3935.22
4062.94
4007.83
4017.1
3971.05
3951.74
3997.8
4015.19
4005.76
3977.21
4005.95
4041.87
3995.86
4014.12
3980.9
4034.42
4008.68
3993.71
3968.34
4028.37
3995.96
4040.85
4002.16
4010.67
4038.54
3974
4003.61
3997.18
3986.28
3953.92
3995.53
4054.48
3948.78
4000.69
3976.05
3957.97
3984.31
4008.52
4027.95
3981.89
3989.52
3988.16
3994.23
4007.55
3980.84
4017.2
4017.25
3983.09
4007.45
4005.15
4054.01
3983.23
3968.31
3950.76
3931.01
4000.4
3995.53
3974.08
4027.82
4012.72
4040.38
4004.89
3983.12
4042.68
3974.16
3995.58
3975.83
4042.82
4020.7
3989.5
3999.86
4018.54
4021.78
3999.93
4042.26
3993.17
3991.55
3980.42
3986.95
3974.72
4013.04
4000.24
3991.62
4012.74
4000.43
3976.92
3979.75
3969.75
3982.13
3996.74
4015.54
4036.62
4041.91
4022.34
3949.93
3979.31
4004.35
4022.23
4035.44
3996.45
3984.5
3965.67
4033.64
3976.93
3960.3
4033.98
4009
4004.34
3981.22
4003.75
4028.32
4044.48
4006.37
4019.75
4013.99
4050.09
3970.67
4026.59
3986.9
4014.4
3985.98
3982.87
4013.37
3964.56
4027.23
4019.88
3936.73
4006.63
4023.27
3995.74
3988.65
3989.23
4011.79
3989.38
3993.34
3982.06
3998.87
3998.71
4006.64
3977.27
4017.8
3962.42
4005.96
3968.86
4014.84
4022.87
3999.01
3976.2
4039.8
3939.63
4015.18
3986.67
3989.44
4010.24
3983.72
4033.1
3956.16
4011.58
4018.66
3990.43
3995.63
3998.98
4003.01
4038.9
3984.66
4015.25
4009.38
4030.6
4027.6
4035.84
3997.29
3959.63
3992.62
3968.7
3979.74
4021.51
4006.31
3994.07
3990.43
4021.19
3997.39
3990.03
4006.07
3987.8
4024.62
3991.17
3972.95
4037.55
4007.02
4026.3
3969.93
4061.57
3993.93
3956.63
3938.53
3988.9
3959.03
4029.01
4007.62
3984.4
3988.78
3996.12
4019.07
4001.02
3994.05
3993.95
4028.07
3981
4019.99
3990.14
3996.79
3993.19
4000.27
3993.41
4011.5
4033.76
4027.39
4003.96
3988.97
3970.18
3990.4
3983.4
3981.7
3999.55
3987.19
4009.84
3984.99
3996.24
4009.45
3999.08
4013.98
3976.12
4001.04
4033.6
4042.13
4048.74
3980.25
4041.16
4025.86
3958.53
3991.8
3972.74
4020.04
4019.76
4053.14
3984.69
4027.07
3976.27
3995.91
3930.19
3992.01
3963.03
4000.03
4001.95
4042.47
4009.41
3956.18
3989.22
4034.39
3981.18
3992.6
3984.09
4002.49
4063.05
4050.27
3973.56
3968.57
3990.4
4006.85
4028.65
4046.59
4009.02
4007.6
4031.29
3979.95
3973.58
4044.35
4006.91
3996.44
4012.1
4034.75
3983.77
3999.36
3963.04
3962.77
4046.43
3965.9
4013.15
3996.77
4059.15
3952.43
3993.08
4001.24
4026.77
4021.09
3953.19
4005.7
4028.34
4043.23
3960.48
3981.41
3982.29
4011.39
4011.87
3942.48
4007.12
4006.15
4012.57
4033.14
4025.79
3987.32
4022.64
4032.83
3998.86
4000
4027.01
3975.2
4011.96
4000.51
4003.88
3973.88
3979.32
4006.65
4028.49
4006.06
3972.93
4040.44
4016.63
3961.86
3991.91
4024.12
4020.82
4020.92
3963.19
4010.75
3985.74
4019.32
4014.23
3989.38
4072.02
3965.69
3976.01
4003.19
3987.74
3984.75
4009.51
4001.39
3998.32
4013.16
3998.54
3980.91
3945.17
4027.54
4060.43
3998.39
3965.86
4011.66
4010.12
4026.03
4033.97
4016.34
3991.95
3983.04
3964.13
3979.83
4015.96
3979.55
4013.26
4050.95
4004.43
3964.15
3966.04
3991.65
4009.07
4002.75
4001.73
3972.66
4021.52
4009.47
3981.53
4001.23
3960.22
4000.74
3971.91
4012.96
3974.53
4015.57
4010.89
3988.71
3998.83
4008.22
4020.12
3992.25
4030.38
4036.33
3993.62
3964.16
4001.36
3982.2
3998.24
3997.16
4019.82
4002.66
4001.7
4003.5
4021.66
4005.88
4010.02
4029.14
4050.91
4051.46
3967.29
3983.89
4006.84
3996.62
4069
3940.23
4009.1
3975.92
4011.21
4004.67
4034.37
3987.22
4016.35
3993.38
3974.11
4013.85
3974.87
3999.75
4025.78
4009.76
3995.77
4004.11
3982.48
3965.59
3983.99
3996.47
3993.65
3972.18
3995.29
4018.26
3990.29
4006.95
3952.07
4017.3
4011.03
4024
3967.63
4010.59
4011.7
4008.37
3947.74
3967.42
4027.16
3977.34
4061.5
4004.46
4020.4
3975.94
4027.4
3976.55
3987.14
3984.68
4020.06
3991.2
3966.63
4013.05
4014.67
4014.73
3992.29
4004.97
4006.71
3962.57
4043.31
4023.31
3999.68
3941.85
4006.7
3967.1
3994.49
3992.49
4014.02
3930.44
4016.13
4002.31
3965.2
3978.41
3965.75
3979.77
4006.61
3960.02
3994.88
4018.44
4006.94
4035.64
3979.86
3977.17
4036.13
4003.89
3953.56
4002.56
3984.32
3944.73
4022.92
4005.63
4014.96
4007.03
3997.24
3992.63
3957.41
3999.21
3949.56
3996.32
3991.41
4011.8
3982.22
3966.68
4005.81
3958.02
4031.22
3981.96
4008.01
4035.91
3972
4013.79
3958.24
3961.78
4030.17
3961.18
3973.69
3981.02
3972.89
4005.39
4011.79
3950.67
4057.73
4020.38
4052.04
3989.55
4027.92
4003.42
3985.77
4017.58
3983.09
4011.24
3984.32
3984.14
4040.36
3987.91
3986.22
4010.83
4006.24
3995.9
4036.98
4006.39
4020.17
3980.9
3971.92
4007.85
4004.72
4029.83
3995.35
3990.91
3995.41
4018.07
3980.52
4001.81
4015.3
3987.01
4022.27
3978.18
4033.72
4007.22
4046.08
3983.93
4021.92
4011.3
4001.84
3996.19
3957.42
4029.34
4016.3
4003.92
3997.02
4058.34
3966.62
4042.36
3988.13
4031.57
4013.93
3959.97
3984.44
3978.22
3999.95
3963.03
4022.09
4022.27
3996.06
3998.89
3988.31
3965.94
4027.94
4049.85
3976.21
4004.89
4003.68
4011.48
4040.46
3991.45
4013.47
4001.76
4048.71
4016.7
3984.16
4002.6
3993.28
3958.48
4020.31
3978.43
3929.01
4005.67
3963.26
4000.23
3999.37
4007.22
3964.33
3998.6
4050.46
4039.85
4053.57
3993.51
3974.2
3997.89
4019.52
3973.89
4002.07
3976.79
3990.55
4017.6
4033.47
3958.04
4006.36
3988.58
4002.06
4023.49
4008.84
4000.97
4007.58
3981.98
4024.27
3993.29
4018.42
4008.68
3998.98
3944.56
4016.54
4079.62
4044.85
4049.91
4009.02
3999.86
3981.02
4005.86
3970.36
4013.27
3989.01
4026.83
4003.5
4014.2
4021.72
3970.54
4002.6
4000.4
4015.94
3967.23
4006.32
4031.54
4014.55
3973.8
4004.86
4025.15
3962.71
3994.12
3988.43
4017.94
4015.28
4008.97
3997.69
4013.89
4027.98
4056.06
3976.84
3971.36
4008.03
3993.36
3996.95
3986.54
3964.61
3991.69
4023.11
3999.7
4002.78
3998.25
3979.46
4025.79
3988.73
4013.06
4030.96
4016.09
4024.17
4012.85
3966.1
3989.66
3982.2
4008.86
4069.86
3994.48
4031.42
4042.56
3971.96
3993.76
3989.18
4056.89
3941.34
4009.43
4009.73
3960.55
3985.72
3969.52
3989.71
3978.28
4018.04
3975.32
4006.55
4031.1
3967.73
3998.27
3985.63
4034.45
3979.87
4020.96
3992.52
4006.93
3959.53
4027.98
4011.92
3971.53
3973.22
4030.36
3979.01
4026.58
4014.03
4038.78
3988.98
3992.01
4050.21
3974.7
4011.53
4056.67
4009.84
3977.85
3988
4045.06
4029.13
4000.53
3962.04
4027.17
4000.77
3994.6
3986.9
4010.98
4000.45
4026.47
4017.4
4021.77
3979.44
4028.91
4011.8
4005.3
4007.82
4032.94
4037.09
4038.53
3999.77
3946.86
3958.4
3981.5
3996.1
3980.23
3990.23
4013.18
4003.98
3972.91
3978.91
4014.56
4002.95
3989.33
4009.02
3991.62
4026.69
3990.27
4028.69
4019.11
4020.74
4013.65
3978.01
3978.98
3974.13
4040.26
3979.24
3988.57
4038.16
4015.5
3989.17
3977.98
4003.34
3975.86
4036.15
4011.76
4033.48
4015.3
4000.4
3955.81
3970.01
4015.58
3986.54
4013.64
4039
3991.7
3997.48
4038.98
3990.13
4019.91
4007.2
3966.87
3962.8
3993.44
3963.08
4016.23
4000.42
4031.92
3995.59
3994.63
3985.77
3987.21
4016.28
4024.56
3934.4
4053.87
4012.16
3979.72
4006.11
4062.96
3990.81
4000.92
4007.22
3986.94
3991.78
4005.31
3955.11
3981.46
3990.9
3996.24
3986.88
4009.46
4001.21
3982.17
4013.07
4035.55
3971.45
3992.11
4033.67
4002.01
4009.4
3966.35
4026.31
4015.27
4035.34
3998.24
4012.85
3939.17
4012.3
3962.17
4014.25
3990.02
4000.74
4037
3988.38
3975.76
4016.01
3998.13
4009.57
3985.83
4055.63
4003.71
4038.07
4002.81
3957.43
3959.93
4037.66
4025.08
4015.64
3996.97
3995.73
4013.34
3967.44
3994.73
4020.08
3995.1
4046.19
4018.78
3968.04
3989.35
3958.11
4020.09
3988.29
3978.71
4003.54
4020.6
4015
3975.84
3984.34
4019.78
4020.4
3999.48
3976.82
4002.26
4018.94
3992.89
3970.64
4006.62
3969.62
4020.27
4039.88
3985.48
3986.47
4018.92
4023.32
4056.15
3988.31
3991.7
4006.71
4033.22
4017.82
3993.16
3994.76
3966.01
4017.8
3997.09
4012.39
4022.64
4005.99
3973.53
4060.87
3993.04
3996.67
3995.84
4040.1
3991.29
4029.25
3997.69
4050.33
4072.44
4005.01
4026.39
4014.57
3979.68
4049.15
4010.04
3994.68
4034.16
3994.39
4006.94
3995.96
3948.96
4021.95
4003.62
4007.29
3985.16
4002.63
4047.2
4031.01
4033.62
4026.02
4034.65
3957.6
3950.14
4004.2
4006.59
3976.23
3959.64
4015.42
3988.34
3988.58
4008.02
3998.79
4023.04
4003.79
4003.98
3999.85
4025.26
4003.59
3949.92
4001.42
4011.67
4008.58
3987.83
4046.62
3966.67
4000.37
3963.88
3966.32
3952.33
3985.73
3982.72
4021.58
4043.5
4004.28
3992.74
3998.86
3983.59
3958.89
3980.39
4059.47
3994.03
3979.08
4002.31
3965.87
3960.98
4001.77
3978.94
3993.41
4002.3
3987.19
4026.01
4013.64
3972.36
3982.94
3999.38
4018.83
4038.4
4020.9
4001.48
4024.88
4016.97
4005.03
4053.7
4043.91
4009.51
3996.51
3984.8
3994.54
4010.71
4049.84
3951.68
4018.89
3999.09
3967.57
3984.3
3962.73
4012.93
3997.81
3948.4
4007.28
3982.99
4019.55
4000.76
3966.74
3979.56
4010.4
3985.63
3992.55
4002.11
4031.25
3997.06
3951.92
4032.41
4000.99
3983.74
4029.19
4018.26
4045.26
4002.83
4020.16
3988.9
3984.71
3981.48
3982.85
3990.6
3974.88
4005.03
3998.79
4000.86
4029.94
4001.26
4013.69
4001.53
4041.44
3963.02
3982.02
3973.13
4001.97
4017.75
4034.42
4006.64
4011.92
3971.16
4004.38
4003.49
3997.98
3953.57
3955.94
4052.94
3988.98
4010.19
3957.04
3977.83
3937.55
3957.93
4007.35
4004.52
3963.66
4006.02
4030.95
4008.56
3991.67
4010.52
3991.63
4005.72
3949.59
3995.04
3983.95
4067.89
3974.03
3962.44
3997.58
3975.6
4031.47
3992.75
4014.82
4002.92
4020.52
3985.72
3995.45
4009.42
3975.43
3925.14
3992.35
3967.56
4004.86
3994.39
3985.11
3971.08
4021.13
3988.77
3996.66
3996.39
3980.65
3982.32
4014.23
4015.38
3987.05
4025.22
3983.11
4007.88
4034.23
4008.35
3995.25
3980.01
3987.85
4029.76
4017.66
4005.52
4028.51
4006.45
3964.43
3994.58
4018.26
3994.07
4001.74
4086
4009.24
4020.38
3981.49
3995.76
4000.74
3966.19
4040.95
4001.92
3988.23
3999.91
4005.89
3947.84
4011.32
3984.09
3980.02
3987.22
4026.79
3964.99
4033.41
4012.24
4009.44
3983.47
3991.53
4018.57
3948.19
4064.95
3993.07
4025.78
3985.17
3992.81
4011.54
4010.05
4052.9
3976.9
4048.47
3965.33
3979.64
3938.98
3982.41
4024.17
3996.6
4022.63
3999.31
4045.34
3954.93
3987.05
3956.43
4019.85
4039.46
4020.56
3988.97
4022.9
4026.25
3985.77
3973.47
4009.22
4034.5
3950.13
4040.25
4037.68
3979.15
4023.29
4005.41
4044.49
3976.8
4012.07
3985.75
3995.68
3990.61
4001.74
3998.18
4007.97
4025.46
4025.94
4032.87
3981.44
4011.54
4001.84
4014.13
4003.21
4003.54
3973.06
4007.51
3971.8
4022.68
4037.6
4005.54
3988.05
3959.64
4000.92
4007.67
4021.29
4014.58
3999.74
4042.58
3982.1
3974.07
4002.54
4008.59
4014.1
3986.29
4001.11
3942.49
3974.52
4047.19
4021.81
3989.1
3971.83
4036.28
3984.87
4077.47
3967.26
3992.3
4023.69
3953.64
4052.34
4034.8
4041.36
4001.79
3963.72
4004.99
4024.88
4023.03
4031.28
3972.92
3971.02
4020.23
4022.16
4020.92
4008.25
4043.05
4064.3
3985.66
4027.59
4006.73
3999.58
3988.03
3935.8
3960.38
4019.3
3994.69
3992.86
4002.02
4008.37
3983.18
4038.29
4008.06
4019.63
3968
3902.97
3975.71
3959.5
3984.17
4036.13
3924.03
4004.18
4052.36
4000.97
4068.22
3990.89
3981.41
3995.56
3996.15
4018.42
4056.89
4012.14
3985.08
3976.33
4007.03
4056.34
4006.58
4075.17
4008.5
3962.36
3990.93
3991.8
3997.33
4010.4
3985.69
3986.58
3991.6
3992.5
4043.27
3979.72
4003.32
3989.34
3971.48
3996.88
3941.71
4033.5
3963.55
3988.67
3989.3
3962.6
4031.97
4013.08
3964.24
4002.41
3973.37
3996.27
4013.15
4017.36
3989.39
4008.74
4053.01
4000.06
4019.01
3989.43
3985.1
3952.19
3989.18
4001.45
3984.36
4017.38
3955.49
3976.96
4016.1
4046.17
4006.58
4034.04
4007.83
4016.25
3970.26
4009.09
3973.17
4010.72
3998.46
3999.46
4002.97
3967.77
3951.38
3993.89
3951.58
4004.16
4014.93
4008.81
3957.23
4001.12
4038.96
4000.71
3994.63
4005.28
3986.74
4031.24
4009.76
3995.06
4001.63
4001.99
3993.85
4070.93
3991.62
4000.92
3994.93
3968.04
3987.78
4017.16
3987.99
4024.04
4040.07
3978.5
3959.75
3985.19
4009.51
4030.06
4054.1
4088.17
3927.58
4016.31
3959.32
4015.75
3976.96
3984.12
3991.37
4008.57
3952.85
3965.79
3968.95
4057.24
3976.99
4040.24
4020.9
4021.79
4035.37
4001.16
4033.66
4020.36
3968.75
3968.28
4019.84
4058.91
3984.2
4042.09
4004.06
4003.56
4008.39
3979.13
4033.23
3947.32
3964.36
3999.86
3982.53
3982.41
4000.64
4030.6
3996.33
3996.24
4016.01
4018.28
4005.76
4008.26
4000.17
4012.22
3957.83
3961.96
3981.51
3997.85
3939.76
4025.76
4034.77
4042.27
4043.11
3997.7
3977.59
4007.79
3964.06
4019
4006.23
3988.02
4024.27
4020.49
3963.36
4004.18
4066.52
4013.35
4018.88
3995.99
3966.13
3989.95
3961.95
4018.47
3938.45
4065.96
3974.28
3994.42
4041.08
3965.68
3978.03
4008.76
3982.11
3962.58
3962.1
4001.48
4010.15
4011.37
4038.39
3950.61
4009.66
3992.19
3987.72
3996.94
4006.92
4022.35
3973.43
3995.55
3993.13
3995.33
3922.25
3992.42
4027.27
3998.82
3958.07
4044.57
3997.22
4001.96
4006.42
4043.48
3995.18
3976.29
3996.82
3972.49
4003.37
4017.42
4037.89
3993.62
3940.83
3957.22
3974.16
4011.5
4009.82
4005.15
3981.21
3995.44
4050.92
4004.31
3973.25
3986.91
4021.53
4024.58
3964.82
3988.84
4058.25
4036.46
4037.54
4038.42
4034.22
4029.49
3990.04
3969.94
4038.58
4051.01
4014.33
3996.55
4039.15
3983.69
4002.84
4002.6
3993.53
4028.92
4009.44
4033.87
3986.92
3992.07
4012.49
3974.93
3983.94
3973.45
3983.95
4028.29
4027.67
4019.33
4015.15
3977.27
4000.67
4016.74
3991.39
4002.83
4015.55
3968.62
3979.71
3975.45
4027.18
3995.07
4010.91
4001.55
4013.4
4015.04
3986.47
3991.86
3972.18
3992.21
4039.09
4016.33
4016.59
4010.76
4009.69
4019.17
3991.02
3992.73
4007.22
3974.87
3962.62
3979.77
4025.05
4026.38
4010.27
4026.62
3989.07
3971.13
3994.91
3952.91
3964.4
3987.74
3990.06
3990.84
4005.29
3990.79
3951.58
3992.4
3972.66
3993.25
4041.27
3968.49
3960.85
3986.52
4037.01
3989.31
3976.28
3986.63
4018.05
4010.51
4022.15
3986.96
3996.36
3997.21
4038.15
4041.39
3968.68
3979.4
3975.36
4028.41
4017.36
3957.85
3985.51
4016.74
3989.23
3940.54
4016.66
4007.06
4016.42
3983.49
3991.33
3977.95
3999.6
4056.19
3956.84
4007.07
4022.77
3974.24
4027.02
3966.73
4041.48
3944.03
3999.9
3968.39
4026.44
3967.07
3994.9
4015.92
4011.19
4050.49
3969.11
3950.21
3979.09
4026.92
4024.86
4046.9
3961.65
4009.11
4010.39
4097.71
4059.72
3998.21
3951.71
3994.23
3982.26
3996.46
4034.44
3963.89
4023.01
3976.79
3987.15
3968.76
4020.91
4000.54
3977.24
4027.02
3977.06
3993.96
3955.34
3956.88
3993.69
3991.72
3961.94
3979.22
4060.41
4024.08
3961.1
3990.52
3961.86
3988.49
4029.98
3985.45
3991.89
4009.8
3957.85
3993.07
4009.46
4000.12
4007.52
4021.93
4049.38
3987.42
3986.75
4018.11
4018.98
4006.53
4041.99
3958.15
4002.67
3974.23
3975.28
4004.42
3992.33
4014.1
3983.56
3980.12
3981.61
4026.49
3946.43
4005.37
4009.15
4024.16
4034.19
4069.78
3963.85
4021.19
3973.82
4056.95
4000.39
3993.73
3974.74
3945.62
4040.23
3968.52
3956.52
4030.77
4007.15
4001
3986.27
4020.03
4002.91
3988.61
3971.39
4058.02
3954.95
4002.08
3999.43
4016.69
4030.75
4002.76
3983.04
3992.84
4004.58
4052.68
3970.09
4028.59
3988.44
3967.3
3968.3
4030.3
4045.88
4033.3
3978.01
4012.42
3987.01
3991.03
3973.44
4050.12
4005.05
3982.27
4019.8
4021.91
3958.79
3944.19
4006.26
3986.2
4015.13
4016.61
3964.25
4033.65
4009.67
3986.52
4036.98
3974.92
3983.33
3958.61
3981.11
3963.92
4002.23
3933.25
4031.69
4033.48
4005.46
3952.31
3994.84
3963.02
3994.88
4016.21
3972.52
4027.49
3964.39
4002.87
4032.21
4025.78
4021.77
4022.99
4007.18
3964.81
4023.02
3996.83
4002.63
4021.69
3986.79
4036.75
3974.33
4004.93
3977.57
3980.15
3989.93
4014.81
3963.79
3984.22
3995.71
4000.07
3968.33
3955.13
4007.93
3979.6
3951.3
3953.75
3981.48
4000.69
4002.85
3987.59
4012.25
3994.72
3984.86
3977.62
4054.94
4029.97
3973.06
4017.23
3997.07
4017.91
4050.2
3985.53
4000.63
3960.9
3969.05
4015.21
4014.65
4008.73
3989.85
4013.32
3955.25
3980.64
4018.15
3988.34
3952.78
3984.27
3974.04
3969.53
3966.8
3983.93
3975.14
4000.35
4027.64
4020.94
3994.72
3998.2
4013
4019.02
3996.73
3997.82
3976.23
3986.17
3983.08
4018.28
4007.51
4022.2
4024.93
4054.61
3984.94
3961.48
3965.79
4033.3
4048.23
3978.5
3999.46
4021.75
4000.69
4071.8
4039.13
4028.43
4018.2
4051.1
3921.3
4049.09
4017.76
4001.4
4036.68
4008.98
4028.04
4025.61
3957.82
4024.94
3972.24
4030.81
4039.24
3994.65
3955
3999.68
3990.74
4019.14
4008.55
3991.51
3970.19
3986.84
3984.39
3969.13
4031.66
4028.5
4032.49
4006.6
3965.56
4044.27
3973.86
3935.78
4003.64
3967.16
3956.21
3986.07
3983.44
4001.7
4013.1
4024.58
4025.81
4020.85
3952.06
4041.81
4010.05
3953.43
3979.5
3972.2
3995.1
3998.16
3965.25
3988.38
4008.23
3956.5
3981.54
3983.75
4025.98
4028.07
3998.19
4004.92
3974.37
3982.41
4018.24
3918.46
4007.04
3981.33
3999.81
4003.71
4035.43
3975.31
4024.39
3991.1
4011
3986.01
4024.86
4055.72
4038.8
4036.17
4004.16
4013.4
4006.9
3959.34
4032.94
3968.94
4056.46
4015.38
4032.78
3964.27
3958.12
4010.32
3987.97
3960.96
4028.92
3978.25
4060.13
4016.35
3977.1
3981.92
3951.44
3989.54
3976.6
4008.05
3964.04
4036.36
3951.9
4007.06
4062.97
3990.46
3982.06
4002.78
3981.85
3969.45
3990.99
4001.75
4023.97
3980.6
3966.53
4026.49
4009.89
4000.6
3986.28
4010.51
3987.82
3974
4005.89
3984.96
4035.33
4036.23
4026.48
4003.11
4027.34
3994.9
3999.77
4013.66
3967.99
3993.4
4053.53
4030.25
3978.7
3965.14
3994.36
3995.35
3977.08
4021.69
3998.72
3997.58
4030.33
4020.4
4002.55
4039.27
4047.83
3984.98
3966.55
3997.99
3985.89
3992.07
4002.84
3960.56
3995.74
4006.4
3910.4
4039.27
3996.86
4060.36
3983.05
3950.15
4007.33
3984.46
3971.84
3984.38
3984.33
3996.6
4000.98
4044.65
4003.9
3947.48
4023.32
3982.6
3983.57
4013.12
4015.62
4012.52
4024.36
3974.15
3989.76
3978.79
3984.04
3999.62
4029.65
3961.57
3997.53
4034.74
3996.66
4021.54
4053.42
4000.23
4008.69
4026.23
3968.49
3958.67
3984.6
4000.06
4012.8
4034.69
4027.17
3976.01
4030.44
4062.62
4004.8
4021.01
4033.92
3998.74
4039.58
3996.47
4001.57
4040.37
4007.7
4011.37
4027.55
3957.43
3977.55
4024.17
3923.35
4043.11
4042.21
3991.41
4014.22
3993.96
4020.43
4000.02
3997.17
3979.6
4026.35
3961.91
4033.79
3987.6
4016.2
3992.58
4005.6
4012.09
4024.84
3954.81
3990.57
3965.56
4007.7
4031.59
3987.53
4016.04
3988.16
3999.24
4004.48
3987.61
3990.1
3989.21
4016.17
4032.46
4031.83
4027.69
3996.26
4027.21
4043.55
3980.22
3990.11
4008.3
4027.18
3969.17
3986.57
4022.99
3996.09
4018.06
3993.93
4039.17
4004.76
4028.92
3993.98
3986.17
4041.06
4006.03
4040.15
4010.95
4031.42
4001.35
4016.94
4010.81
3977.37
3997.91
4004.47
4028.82
3997.74
3986.96
4000.74
4050.23
3991.59
3974.45
4017.5
4022.98
4044.52
3978.89
3982.9
4019.24
3951.37
3974.34
4007.77
4001.86
4057.54
4021.99
3935.51
3970.21
3996.32
3994.82
4004.08
4035.98
4000.5
4022.23
3968.63
3990.55
3981.3
3990.37
4004.2
3979.78
4049.49
4004.52
3996.47
3975.39
3984.42
3992.17
3951.83
4013.1
4004.51
3971.63
4029.37
4072.29
4042.64
3999.66
3974.86
3998.23
4002.32
3949.23
4000.36
4041.95
3983.28
3996.74
4000.16
3996.89
3964.05
4021.53
4019.42
4000.38
4015.42
4014.66
4001.06
3962.85
3984.91
4068.25
3970.06
4020.89
4020.65
4013.46
4048.03
4014.26
4000.6
4022.32
4017.99
3988.52
4000.07
3963.83
3997.27
3978
3985.03
4033.66
3996.43
4003.9
4000.85
4059.55
3997.52
3982.96
3984.86
4013.83
4037.13
4042.29
4004.82
3998.38
3997.61
3974.45
3979.46
3968.14
3949.19
3938.36
4015.66
3983.55
3984.93
4020.69
3989.39
3990.41
3976.23
4064.95
3997.6
4047.53
3974.72
4032.42
4006.84
4049.62
3964.81
4038.01
3983.32
4026.9
3987.42
3984.15
3966.5
4039.46
4006.44
3965.51
3994.99
4007.88
3939.52
4035.67
4011.48
3987.64
4038.92
3985.61
4002.69
3978.21
4014.73
4025.85
4003.14
3963.25
3940.19
3965.67
3978.57
4003.56
3994.18
4013.35
4014.87
4042.54
3999.93
3991.5
3960.71
3965.73
3995.06
4006.57
3989.27
3995.18
4010.12
3980.91
3977.07
4009.16
4014.59
4004.92
3969.84
4010.98
4002.8
3967.53
3996.91
3942.17
4002.63
4006.22
3955.01
4016.87
4022.57
4045.8
3989.81
4030.25
3970.14
3955.04
4007.3
3982.99
3970.3
3965.55
3972.03
4011.63
4083.05
3999.43
4020.55
3999.97
3999.44
4014.5
3944.62
3977.13
4059.19
4010.08
4008.19
3979.61
3960.16
3990.67
4027.57
3953.68
4018.48
3988.96
4005.73
4000.38
3994.52
3986.94
3977.6
3982.83
4041.87
4010.89
3997.03
3981.55
3981.08
4031.06
4034.32
4011.6
4024.92
3998.64
3954.2
3997.45
4039.35
4024.37
4054.99
4027.53
3980.03
3998.63
4028.27
3995.12
3988.15
4017.22
4040.65
3992
3989.36
3986.65
3999.65
4025.67
3979.28
4001.16
3988.78
4013.44
4001.7
4019.82
3915.44
4020.05
4032.69
4011.66
3995.54
4020.83
3939.54
4026.26
4006.9
4037.32
4018.27
3947.45
3973.85
4066.79
4032.97
3985.56
3994.83
3970.66
4018.3
3994.96
4023.17
4017.68
4006.72
4024.04
3991.83
4007.07
4011.46
3945.96
4065.11
4030.77
3989.43
3980.53
3943.98
3999.64
4028.1
4036.51
4018.32
4037.76
3996.26
3998.7
4037.18
3976.65
4021.37
3974.8
3950.12
3981.24
4061.53
3988.87
4032.94
3991.07
3991.11
4048.1
4008.37
4014.44
4083.87
4013.9
3978.82
4013.46
3958.04
4007.62
4045.09
3980.93
3997.4
4030.97
3997.61
4018.24
3987.08
3982.4
3999.58
3996.68
3987.67
4004.06
4008.22
4040.76
3999.31
3986.8
4027.1
3970.96
4013.02
4011.61
3956.82
4010.23
4004.92
4033.76
3953.94
4004.59
3994.23
3951.38
3990.68
3958.92
3984.75
3967.12
4020.26
3992.91
4018.42
4016.13
4007.82
4010.8
4014.67
3999.29
3996.89
4001.01
4030.54
3990.64
4002.38
3965.42
3984.81
3989.2
4037.48
4011.11
3983.9
4002.37
4021.06
3996.62
3958.13
4006.78
4021.09
3971.61
3984.2
4002.29
3957.6
4050.12
4027.96
4002.99
3989.97
3956.79
4000.08
4015.35
3965.21
3995.63
3981.06
3997.71
3964.85
4007.08
3969.9
3995.9
3998.25
3975.47
3978.8
3991.94
4015.86
3997.39
4044.1
3951.03
3961.15
4014.24
4017.53
4002.31
4049.07
3969.63
3995.52
3959.13
4013.02
4011.35
3966.27
4007.96
4005.44
4000.33
4005.35
4018.92
3992.02
4017.93
3963.03
4072.69
4001.41
3976.23
3987.76
3981.43
4003.99
3988.85
3987.17
3976.02
3993.36
3997.76
4029.17
3988.17
3974.12
3970.48
3966.13
3987.91
3998.02
4005.35
